15
0 11
2 3 4 6 7 8 9 9 9 9 9 9 
7 10
1 3 5 6 
7 16
1 1 2 3 4 4 6 6 7 8 
10 26
2 2 3 3 4 4 4 4 4 4 4 4 4 4 4 4 4 
21 30
1 4 7 9 9 12 12 12 12 12 
24 35
2 3 5 6 10 12 13 13 15 16 16 16 
28 45
1 2 5 8 10 11 13 13 13 13 13 13 13 13 13 13 13 13 
42 60
2 5 5 6 9 9 11 11 12 13 14 15 15 16 17 18 18 18 18 
44 48
1 3 3 3 3 
52 58
2 2 6 8 8 9 10 
53 64
2 3 3 4 6 8 9 10 11 12 12 12 
63 72
2 2 2 2 4 5 7 7 7 7 
65 83
1 2 4 5 6 6 8 8 9 10 11 12 12 12 12 12 12 12 12 
70 80
2 3 5 5 5 5 5 5 5 5 5 
76 94
1 3 4 5 6 6 6 6 6 6 6 6 6 6 6 6 6 6 6 
