15
0 13
1 3 3 3 3 3 3 3 3 3 3 3 3 3 
2 12
1 2 3 4 4 5 6 9 10 10 10 
7 19
2 3 4 5 6 7 8 8 10 10 11 12 12 
16 28
1 2 3 4 6 7 7 7 7 7 7 7 7 
17 23
4 5 6 8 8 8 8 
23 31
2 2 3 4 4 4 4 4 4 
31 49
2 3 4 5 6 7 8 9 10 12 13 14 16 17 17 17 17 17 17 
37 56
2 3 5 6 8 8 8 9 9 10 11 12 13 14 16 17 18 19 21 22 
41 55
2 3 4 6 7 7 9 10 12 13 13 13 13 13 13 
57 72
1 4 4 4 4 4 5 6 7 8 9 10 10 11 12 12 
58 66
1 2 3 4 5 6 6 6 6 
61 77
1 2 3 3 4 4 4 4 4 4 4 4 4 4 4 4 4 
62 65
3 3 3 3 
69 73
2 4 6 7 8 
80 99
1 4 5 6 7 8 8 9 11 12 13 15 16 17 18 19 20 21 24 24 
