15
0 18
1 2 2 3 4 5 7 7 7 7 7 7 7 7 7 7 7 7 7 
4 23
1 2 4 5 6 8 9 9 11 11 11 12 12 12 12 12 12 12 12 12 
6 24
1 2 3 4 5 6 6 8 8 10 11 12 13 14 15 16 17 17 17 
8 11
2 2 2 2 
12 22
1 2 2 4 5 5 5 5 5 5 5 
14 30
2 5 8 9 10 11 13 13 14 15 16 17 18 19 19 21 21 
24 27
2 2 2 2 
26 40
2 2 4 5 7 7 8 10 12 13 13 13 13 13 13 
28 40
1 1 1 1 1 1 1 1 1 1 1 1 1 
29 32
1 4 5 6 
32 36
2 2 2 2 2 
34 48
1 3 4 5 5 6 7 7 8 9 9 11 11 11 11 
35 44
1 2 3 4 5 6 7 8 8 8 
41 56
1 3 3 5 6 7 8 10 10 11 12 12 13 13 13 13 
41 53
3 5 7 8 10 11 12 13 14 14 16 16 16 
