15
0 15
1 3 5 6 6 8 8 8 8 8 8 8 8 8 8 8 
2 17
1 2 3 3 4 5 7 7 7 7 7 7 7 7 7 7 
3 17
2 3 4 7 7 9 10 11 11 13 13 13 13 13 13 
4 16
4 5 7 7 8 10 11 12 13 13 14 14 14 
10 25
1 3 4 5 6 8 9 11 11 12 12 12 12 12 12 12 
14 22
2 4 5 7 7 7 7 7 7 
26 35
2 4 5 7 7 9 10 11 12 12 
30 48
1 2 3 4 5 6 6 6 8 9 10 11 12 13 14 15 15 15 15 
35 46
2 4 5 6 8 9 10 11 11 13 13 13 
35 42
2 4 6 7 7 8 9 9 
43 51
1 3 5 5 6 7 8 9 10 
45 57
2 3 3 3 3 3 3 3 3 3 3 3 3 
48 63
3 3 4 5 6 7 8 9 10 11 11 11 11 11 11 11 
51 68
2 4 5 7 7 9 10 12 12 14 15 16 17 19 19 19 19 19 
61 67
1 2 4 4 4 4 4 
