20
0 7
2 3 4 6 7 7 7 7 
8 19
3 5 7 8 9 10 11 12 13 14 14 14 
11 24
1 3 4 5 5 7 7 7 7 7 7 7 7 7 
14 31
1 3 5 6 6 7 9 9 9 9 9 9 9 9 9 9 9 9 
18 26
1 2 6 6 7 8 9 10 10 
25 40
1 2 3 3 3 3 3 3 3 3 3 3 3 3 3 3 
26 37
1 1 3 4 5 6 7 8 8 9 10 10 
35 38
3 5 6 6 
38 54
1 2 4 5 6 6 7 7 7 7 7 7 7 7 7 7 7 
43 49
2 3 4 5 6 7 8 
50 64
2 4 6 7 8 8 8 8 8 8 8 8 8 8 8 
56 73
2 2 2 4 5 5 7 8 9 9 10 11 12 12 12 12 12 12 
59 62
1 3 4 4 
67 79
2 4 4 4 4 4 4 4 4 4 4 4 4 
69 79
2 4 4 6 6 7 8 9 9 9 9 
72 84
1 3 4 5 6 8 8 8 8 8 8 8 8 
78 82
4 4 4 4 4 
80 96
1 3 5 6 7 7 8 9 11 11 13 14 14 14 14 14 14 
80 95
2 4 4 4 4 4 4 4 4 4 4 4 4 4 4 4 
87 106
1 2 4 7 8 10 11 12 12 13 14 16 16 16 16 16 16 16 16 16 
