20
0 17
1 2 4 7 8 8 8 9 11 11 11 13 13 13 13 13 13 13 
0 3
1 5 5 7 
3 11
1 2 3 3 3 3 3 3 3 
3 12
1 2 2 4 5 5 6 8 8 8 
9 16
1 2 4 5 6 7 8 9 
14 33
1 3 6 7 8 9 10 10 10 10 10 10 10 10 10 10 10 10 10 10 
18 34
2 4 5 6 7 7 8 9 11 11 11 11 11 11 11 11 11 
18 35
2 2 4 5 7 10 11 12 13 14 14 15 15 15 15 15 15 15 
34 46
1 3 4 6 7 8 9 10 11 11 11 11 11 
35 40
2 4 6 7 8 10 
41 53
1 2 3 4 4 5 6 6 8 9 9 9 9 
43 50
3 4 4 4 4 4 4 4 
44 47
1 2 3 3 
50 55
2 4 4 4 4 5 
55 62
1 3 4 6 7 7 7 7 
59 76
1 2 2 3 4 5 6 7 10 11 14 15 16 16 16 16 16 16 
67 75
1 3 5 6 6 6 6 6 6 
71 75
4 6 6 6 6 
73 88
2 3 3 5 5 7 7 8 9 11 11 11 11 11 11 11 
89 100
3 4 4 6 6 6 6 6 6 6 6 6 
