20
0 17
1 2 5 6 8 9 10 11 12 13 14 16 17 18 19 20 22 23 
9 28
2 2 2 2 2 2 2 2 2 2 2 2 2 2 2 2 2 2 2 2 
10 29
2 2 4 4 6 6 8 8 9 9 13 14 14 16 16 16 16 16 16 16 
12 23
1 4 5 6 7 7 7 7 7 7 7 7 
15 31
2 2 2 2 2 2 2 2 2 2 2 2 2 2 2 2 2 
40 49
2 3 5 6 7 7 9 10 11 11 
53 65
1 1 2 3 4 6 7 7 9 10 11 12 12 
53 59
3 4 4 5 6 7 7 
57 76
1 2 3 5 5 6 8 9 9 10 11 12 13 15 15 15 15 15 15 15 
65 83
1 2 2 3 4 4 6 7 7 8 9 10 11 11 11 11 11 11 11 
66 80
1 3 4 6 7 8 9 9 10 12 13 15 16 17 17 
74 92
1 2 4 5 7 8 9 10 12 13 14 16 16 16 16 16 16 16 16 
81 85
2 3 3 3 3 
83 88
3 3 4 4 4 4 
85 98
4 5 5 6 7 9 9 10 11 12 12 12 12 12 
95 113
2 2 4 5 6 7 7 8 9 9 9 9 9 9 9 9 9 9 9 
97 112
3 5 5 7 7 9 10 10 10 10 10 10 10 10 10 10 
108 122
3 7 8 9 9 9 10 10 10 10 10 10 10 10 10 
114 123
2 3 4 5 5 6 6 8 9 9 
126 129
2 3 4 5 
