20
0 16
2 5 7 8 10 11 13 15 17 17 17 17 17 17 17 17 17 
1 11
2 3 5 7 8 9 12 14 15 16 16 
19 29
2 2 5 6 7 8 8 9 11 12 12 
22 26
2 3 5 6 6 
22 30
2 3 4 5 6 7 9 9 9 
23 27
2 5 5 5 5 
25 38
2 3 3 5 7 8 8 8 8 8 8 8 8 8 
27 44
2 3 3 3 3 3 3 3 3 3 3 3 3 3 3 3 3 3 
35 51
2 3 4 7 9 12 15 16 17 19 19 20 21 22 22 22 22 
37 50
1 3 4 5 6 6 6 6 6 6 6 6 6 6 
44 57
3 5 6 6 7 8 9 11 12 13 14 15 15 15 
45 60
1 2 3 5 6 6 8 10 11 13 13 13 13 13 13 13 
47 56
1 2 3 5 6 7 8 8 8 8 
51 62
1 1 1 1 1 1 1 1 1 1 1 1 
53 60
2 2 3 5 5 5 5 5 
57 64
1 3 3 3 3 3 3 3 
58 73
2 3 3 4 6 7 7 7 7 7 7 7 7 7 7 7 
64 68
3 3 4 5 6 
68 84
1 3 5 8 9 10 12 14 15 15 15 15 15 15 15 15 15 
69 80
1 2 3 5 6 6 8 9 11 12 12 14 
