20
0 7
1 2 2 5 5 6 7 9 
2 13
2 3 5 7 8 9 10 10 13 13 13 13 
9 28
2 3 4 6 7 9 10 11 12 13 15 15 16 17 19 20 22 23 23 23 
14 18
1 3 4 5 6 
14 23
1 2 3 5 6 7 8 9 9 9 
17 31
2 5 7 7 8 8 9 9 11 11 11 11 11 11 11 
17 31
1 2 3 6 6 7 8 9 9 10 11 13 13 13 13 
21 25
2 3 4 4 4 
21 26
2 4 5 6 6 7 
30 37
1 3 3 3 5 6 6 6 
33 37
2 5 5 5 5 
35 44
1 2 3 4 5 6 7 7 7 7 
39 48
1 2 2 5 7 9 10 10 12 12 
44 55
1 2 3 3 4 6 7 8 8 8 8 8 
44 57
1 3 4 5 5 6 6 6 6 6 6 6 6 6 
46 65
1 2 3 4 5 7 7 8 10 12 13 13 15 16 17 18 20 21 22 22 
50 59
1 2 3 5 6 7 8 9 9 9 
51 70
4 5 6 7 8 9 10 11 11 11 11 11 11 11 11 11 11 11 11 11 
51 54
1 3 6 7 
52 68
1 4 6 6 7 8 9 10 11 11 12 12 12 12 12 12 12 
