25
0 12
2 4 5 6 6 7 8 9 10 11 12 14 14 
4 8
1 2 4 4 6 
4 14
2 3 3 5 6 7 8 9 10 11 12 
4 8
2 2 2 2 2 
5 20
2 3 3 4 5 5 5 5 5 5 5 5 5 5 5 5 
13 26
1 1 3 3 4 5 5 5 5 5 5 5 5 5 
20 26
1 2 2 3 3 3 3 
28 32
1 1 1 1 1 
28 39
1 1 1 1 3 5 5 5 5 5 5 5 
28 34
3 4 7 8 9 10 10 
29 46
2 5 5 7 7 7 7 7 7 7 7 7 7 7 7 7 7 7 
31 34
2 2 2 2 
34 43
3 6 7 8 8 8 8 8 8 8 
42 51
1 3 5 8 8 9 9 9 9 9 
50 58
1 1 2 4 5 6 6 6 6 
61 64
2 3 4 4 
64 79
1 2 3 4 5 6 7 8 9 9 9 9 9 9 9 9 
71 87
1 3 3 3 3 3 3 3 3 3 3 3 3 3 3 3 3 
78 91
1 2 3 4 6 7 7 8 10 11 12 14 14 14 
103 115
3 3 3 5 6 7 9 9 11 12 13 14 15 
104 113
5 6 7 8 9 10 11 11 13 14 
109 125
1 1 1 1 1 3 4 5 5 6 7 9 9 9 9 9 9 
113 116
2 3 7 7 
115 119
1 4 4 5 8 
120 128
2 2 4 6 7 7 7 7 7 
