25
0 15
1 2 4 5 5 5 5 5 7 8 9 10 11 12 12 13 
9 19
1 2 5 6 7 8 9 9 9 9 9 
11 21
1 2 2 3 4 5 5 6 7 9 9 
11 18
2 3 3 4 4 4 4 4 
30 38
2 2 2 3 3 3 3 3 3 
31 42
2 2 2 2 2 2 2 2 2 2 2 2 
44 62
1 2 2 4 5 6 7 9 10 11 12 13 14 15 15 16 18 18 18 
44 53
3 4 6 7 9 10 10 10 10 10 
45 59
1 2 4 5 6 7 8 9 10 10 11 12 14 15 18 
57 64
2 2 2 2 2 2 2 2 
66 71
1 3 4 4 4 4 
68 74
2 5 5 5 5 5 5 
70 73
2 4 6 6 
74 83
1 2 2 3 4 5 5 5 5 5 
82 86
2 3 4 4 4 
93 106
1 2 3 4 4 6 7 8 8 8 8 8 8 8 
100 116
2 3 4 5 7 7 7 9 9 11 12 12 13 14 16 16 16 
101 110
2 2 5 5 6 7 8 8 9 9 
106 109
3 3 3 3 
110 113
1 2 2 2 
111 125
3 3 3 3 3 3 3 3 3 3 3 3 3 3 3 
111 124
2 3 4 4 5 6 7 7 8 8 8 8 8 8 
117 121
2 3 3 3 3 
117 125
1 4 4 4 4 4 4 5 5 
120 127
3 3 4 5 8 8 9 9 
