25
0 15
2 2 2 2 2 4 5 6 7 8 9 10 10 10 10 10 
4 16
2 2 2 2 3 5 7 8 9 10 10 10 10 
5 12
1 2 4 6 7 7 8 9 
32 48
1 1 2 4 6 6 7 8 9 10 11 12 13 15 16 16 16 
33 50
1 2 3 3 4 5 6 6 7 9 10 11 12 12 13 14 14 14 
35 46
2 3 4 4 6 6 6 6 7 7 8 8 
42 53
1 3 4 5 6 7 7 7 7 7 7 7 
55 63
2 3 4 5 6 6 6 6 6 
56 65
1 2 2 3 5 5 6 6 6 6 
57 65
2 2 2 2 3 4 4 4 4 
60 69
1 4 4 5 6 7 8 9 9 9 
61 80
2 3 4 5 6 8 9 11 11 13 14 15 16 17 17 18 18 19 21 21 
66 70
2 2 4 5 5 
68 76
2 2 3 4 6 8 8 9 10 
82 89
1 2 5 7 8 9 10 11 
94 106
1 2 2 2 2 2 2 2 2 2 2 2 2 
106 111
2 4 5 5 5 5 
124 133
1 4 7 8 8 8 8 8 8 8 
127 138
2 3 4 6 7 8 8 9 10 11 12 12 
133 137
2 3 4 5 6 
141 150
1 3 4 6 6 6 6 6 6 6 
143 147
1 3 5 8 8 
145 161
1 2 5 6 8 8 9 10 11 12 12 13 13 13 13 13 13 
148 162
1 2 2 2 2 3 4 5 6 6 6 6 6 6 6 
152 161
2 2 2 2 3 3 3 4 4 4 
