25
0 6
2 3 3 5 5 6 7 
4 15
3 4 5 7 8 8 9 9 9 9 9 9 
9 13
3 4 5 5 5 
17 34
1 1 2 2 2 3 4 5 6 6 6 6 6 6 6 6 6 6 
17 25
1 1 3 3 5 6 8 10 10 
19 23
3 3 4 6 8 
27 40
2 3 4 5 7 8 10 11 12 14 14 14 14 14 
30 33
3 4 5 7 
35 49
2 2 5 6 7 9 10 11 13 14 15 16 16 16 16 
38 47
4 4 5 5 5 5 7 7 7 7 
40 51
3 5 6 8 8 10 12 12 13 14 16 16 
41 56
2 3 5 5 7 9 10 11 12 13 14 15 16 17 18 18 
44 49
1 1 2 3 4 4 
61 64
2 2 3 5 
62 65
3 3 3 3 
73 81
1 3 5 7 7 9 9 9 9 
74 83
1 2 3 6 7 8 9 10 10 10 
83 95
1 2 3 4 5 6 6 6 6 6 8 9 11 
87 90
3 5 5 5 
90 96
2 3 4 5 5 6 6 
90 100
2 3 5 7 8 8 10 11 11 11 11 
91 98
1 2 3 4 5 5 5 5 
94 109
1 3 4 5 6 8 9 9 10 11 12 13 15 15 17 17 
101 113
1 2 2 2 2 2 2 2 2 2 2 2 2 
101 118
1 2 2 3 4 6 7 8 9 10 11 13 13 15 16 17 17 17 
