30
0 8
2 4 4 4 5 6 8 8 8 
0 14
1 3 3 4 4 4 4 4 4 4 4 4 4 4 4 
3 10
2 3 6 7 9 10 12 12 
6 9
1 1 3 5 
6 17
2 2 3 3 3 3 3 3 3 3 3 3 
14 17
3 5 6 6 
19 24
2 3 5 6 7 7 
27 46
2 5 5 6 7 9 10 10 11 12 14 15 15 15 15 15 15 15 15 15 
28 31
1 1 1 2 
28 34
1 3 5 6 6 7 7 
29 46
1 3 4 5 6 7 7 7 7 7 7 7 7 7 7 7 7 7 
41 53
1 1 2 3 5 5 6 6 6 6 6 6 6 
45 52
1 2 2 2 4 5 6 6 
47 61
3 6 7 7 7 7 7 7 7 7 7 7 7 7 7 
52 68
1 1 2 3 3 4 4 5 5 5 5 5 5 5 5 5 5 
54 58
4 4 4 4 4 
60 69
2 4 5 5 5 5 5 5 5 5 
62 67
1 4 5 6 6 6 
62 67
2 3 4 4 6 7 
62 80
1 4 5 7 9 11 12 13 14 14 14 14 14 14 14 14 14 14 14 
72 90
1 3 5 6 7 8 9 9 11 11 11 11 11 11 11 11 11 11 11 
75 79
1 2 3 3 3 
88 103
1 1 1 3 4 5 6 8 10 11 12 13 14 15 15 15 
92 101
2 5 6 7 8 8 8 8 8 8 
95 110
3 4 5 6 8 10 10 10 10 10 10 10 10 10 10 10 
99 103
1 3 3 3 3 
102 109
1 3 3 5 6 7 7 7 
107 121
2 3 3 4 5 7 9 9 10 11 13 14 14 14 14 
113 132
2 3 3 4 4 4 5 6 8 8 9 11 12 14 14 15 16 16 16 16 
123 127
1 1 3 3 3 
