30
0 8
1 2 4 5 6 7 7 7 7 
1 9
1 2 4 4 4 4 4 5 5 
2 7
1 2 5 5 5 5 
4 18
2 3 4 4 4 4 4 4 4 4 4 4 4 4 4 
8 13
5 5 5 5 5 5 
10 27
1 2 2 3 5 6 7 7 8 10 11 11 12 13 14 15 16 16 
13 28
2 3 5 5 6 7 8 9 10 11 12 12 14 15 16 17 
21 33
1 3 4 6 7 8 10 13 13 16 16 17 18 
28 35
2 4 5 6 7 8 9 10 
29 33
5 5 5 5 5 
32 51
1 2 3 4 4 5 6 8 9 10 11 13 13 13 13 13 13 13 13 13 
34 48
1 5 6 8 8 8 8 8 8 8 8 8 8 8 8 
34 40
1 2 4 5 6 6 7 
35 42
2 4 4 4 4 4 4 4 
36 52
2 3 4 5 7 8 10 11 12 13 13 13 13 13 13 13 13 
39 51
2 2 2 2 2 2 2 2 2 2 2 2 2 
43 57
1 2 3 3 5 6 7 8 9 10 11 13 14 15 17 
52 68
2 3 5 5 7 8 9 9 10 10 12 13 15 15 15 15 15 
61 78
1 2 2 4 4 4 4 5 5 5 5 7 7 9 10 11 11 11 
72 91
2 3 4 6 7 8 9 10 11 11 12 13 14 14 16 17 17 17 17 17 
77 80
1 2 2 2 
79 89
2 3 7 8 9 9 10 11 11 11 11 
79 87
1 2 3 5 5 6 9 9 9 
82 85
3 3 5 5 
91 100
1 2 3 4 4 5 6 7 8 8 
101 120
4 4 6 8 9 10 12 14 14 14 14 14 14 14 14 14 14 14 14 14 
102 106
2 5 6 6 7 
102 106
1 2 2 3 5 
104 110
1 3 4 4 4 4 4 
105 109
2 2 5 6 6 
