30
0 4
2 3 3 3 4 
1 13
2 3 5 5 5 5 5 5 5 5 5 7 7 
6 10
3 5 6 7 8 
13 22
2 4 4 5 8 8 10 11 11 11 
14 31
2 3 4 6 6 6 6 6 6 6 6 6 6 6 6 6 6 6 
14 18
2 3 5 6 6 
17 36
1 3 4 7 7 7 7 7 7 7 7 7 7 7 8 9 10 10 10 10 
23 27
1 1 1 1 1 
24 27
3 4 6 8 
29 35
2 3 4 4 5 7 8 
31 38
2 5 5 5 5 5 6 6 
33 44
1 3 4 4 4 4 5 6 7 7 7 7 
40 49
1 2 3 4 4 5 6 7 7 7 
47 59
1 3 4 5 6 7 8 10 12 12 13 13 13 
53 69
1 2 3 4 4 5 6 7 8 8 10 11 11 13 14 15 16 
56 64
2 5 5 7 8 9 10 11 11 
67 79
1 2 3 3 4 4 4 4 4 4 4 4 4 
70 73
3 4 4 4 
90 99
1 3 4 5 6 7 9 9 11 11 
95 105
1 4 4 4 4 4 4 4 4 4 4 
107 110
4 5 5 5 
108 120
1 2 4 7 8 10 11 12 12 13 14 16 16 
113 132
2 5 7 8 9 10 11 11 12 13 15 16 17 18 19 20 22 23 24 24 
117 124
4 5 8 10 10 10 10 10 
119 128
2 3 4 5 6 7 7 7 7 7 
122 132
1 1 1 1 1 1 1 1 1 1 1 
123 142
3 6 7 7 7 7 7 7 7 7 7 7 7 7 7 7 7 7 7 7 
124 135
1 3 4 5 5 5 5 5 5 5 5 5 
126 141
2 3 4 6 6 7 8 10 10 11 12 13 13 15 16 16 
129 145
1 1 2 3 5 5 7 8 9 10 11 11 11 11 11 11 11 
