30
0 16
3 5 6 6 6 7 8 9 10 10 12 13 15 16 16 16 16 
0 16
1 2 3 5 6 7 8 9 11 11 13 14 15 18 18 19 19 
5 17
1 2 4 5 7 8 10 10 12 13 14 14 14 
14 20
1 2 3 4 5 5 5 
15 23
1 2 3 3 4 5 5 7 7 
31 45
1 2 5 6 7 8 8 9 9 11 11 12 12 12 12 
31 34
2 4 7 7 
39 54
2 2 3 5 5 5 5 5 5 5 5 5 5 5 5 5 
46 49
2 2 2 2 
51 69
2 3 4 6 6 8 8 10 11 12 13 15 16 16 16 16 16 16 16 
55 61
1 2 3 4 5 6 6 
55 58
1 2 4 4 
59 66
2 3 4 4 5 6 7 7 
62 69
1 2 3 4 6 6 6 6 
68 77
2 3 6 7 7 8 8 8 8 8 
73 88
1 2 3 4 5 6 6 7 8 9 10 12 13 15 15 15 
74 92
2 3 4 7 10 11 12 13 15 16 16 16 16 16 16 16 16 16 16 
74 80
2 4 5 5 7 7 7 
80 87
3 4 5 6 6 7 8 10 
84 101
1 3 5 6 7 7 7 7 7 7 7 7 7 7 7 7 7 7 
87 95
1 2 4 4 4 4 4 4 4 
89 108
2 2 4 4 4 4 4 4 4 4 4 4 4 4 4 4 4 4 4 4 
91 108
2 4 5 6 7 9 10 11 12 14 15 16 18 18 19 21 21 21 
97 104
2 3 5 6 6 6 6 6 
102 113
1 2 3 5 6 6 8 9 9 11 12 12 
106 118
3 4 4 4 5 6 7 8 9 10 11 11 11 
107 117
1 2 2 3 4 7 7 7 7 7 7 
111 114
2 4 6 7 
113 116
3 5 6 7 
118 121
3 4 4 4 
