30
0 17
1 3 4 5 6 8 8 9 10 12 12 14 14 16 16 16 16 16 
6 22
2 3 5 7 8 10 11 12 13 13 13 13 13 13 13 13 13 
7 21
2 2 3 4 5 6 7 8 9 11 12 13 13 13 13 
7 16
1 2 2 3 4 4 4 4 4 4 
10 25
1 3 5 6 6 8 10 10 11 12 13 13 13 13 13 13 
12 25
2 2 4 5 6 7 8 9 10 10 12 13 15 15 
19 22
1 1 3 5 
23 32
2 2 2 3 4 6 8 10 10 10 
24 39
1 2 3 3 4 6 7 8 9 10 11 12 13 14 16 17 
25 44
1 2 3 4 5 5 6 8 9 10 10 10 10 10 10 10 10 10 10 10 
28 42
2 3 5 6 6 7 8 10 12 13 14 14 14 14 14 
31 45
2 2 6 7 8 9 10 11 12 12 13 14 16 16 17 
44 60
2 3 4 6 7 8 8 9 9 11 11 13 14 14 16 17 17 
58 74
2 2 3 6 7 8 10 11 11 13 14 15 16 18 18 18 18 
61 74
2 3 4 4 6 6 7 8 9 10 12 12 12 12 
65 77
2 4 5 6 7 8 10 10 10 10 10 10 10 
66 85
2 2 3 4 5 6 7 8 9 10 10 10 10 10 10 10 10 10 10 10 
67 72
2 3 5 5 5 5 
77 90
2 3 4 4 5 6 7 8 9 10 10 12 12 12 
89 106
2 4 5 6 8 11 12 13 13 14 14 14 14 14 15 16 18 19 
96 112
2 4 5 5 6 6 6 6 6 6 6 6 6 6 6 6 6 
97 114
1 2 3 4 5 7 8 9 9 9 10 11 12 12 13 14 14 14 
98 103
4 6 7 9 10 10 
98 103
2 3 4 6 7 7 
104 107
3 5 5 5 
109 119
1 1 2 3 6 8 8 8 8 8 8 
117 122
4 5 6 8 8 8 
122 140
2 3 4 6 7 8 9 10 11 13 14 15 16 16 16 16 16 16 16 
126 145
1 1 2 6 9 10 10 11 12 13 14 15 15 16 17 18 19 21 21 21 
127 143
1 6 6 8 9 10 11 12 13 14 16 17 18 18 18 18 18 
