35
0 9
1 3 3 3 3 3 3 3 3 3 
6 18
2 3 5 5 5 5 5 6 7 7 7 7 7 
11 25
2 3 4 5 6 7 8 8 8 8 8 8 8 8 8 
13 26
1 2 3 5 5 6 7 8 9 11 11 11 11 11 
30 46
1 3 3 3 3 3 3 3 3 3 3 3 3 4 6 7 7 
30 35
2 3 4 5 5 5 
32 45
2 3 6 7 7 8 10 11 12 13 14 15 16 16 
39 43
2 3 6 6 6 
42 51
3 4 5 8 9 9 9 9 9 9 
43 50
2 3 3 4 5 6 8 8 
43 46
2 4 5 6 
48 60
2 3 3 3 3 3 3 3 3 3 3 3 3 
50 62
1 4 5 6 6 8 8 8 8 8 8 8 8 
57 68
1 2 3 4 5 6 6 6 6 6 6 6 
57 65
2 5 6 8 10 11 12 12 12 
60 70
1 2 4 5 6 7 7 7 7 7 7 
63 71
2 3 4 4 4 4 4 4 4 
63 76
2 3 5 5 6 7 9 9 11 12 13 14 16 16 
68 77
2 3 4 4 5 6 6 6 6 6 
90 99
2 3 5 6 7 8 9 9 9 9 
95 105
1 1 1 1 1 3 4 5 6 7 9 
98 112
2 2 4 4 5 5 5 5 5 5 5 5 5 5 5 
99 104
2 2 2 2 2 2 
103 113
2 2 4 7 8 8 8 8 8 8 8 
110 121
1 2 3 4 6 6 7 8 9 9 9 9 
112 127
2 2 3 4 5 7 8 9 9 11 13 14 14 14 14 14 
115 119
1 2 4 4 7 
118 133
2 3 3 4 5 6 7 8 8 8 8 8 8 8 8 8 
120 137
3 4 6 7 7 8 9 10 10 11 13 13 15 15 16 17 18 19 
123 127
2 2 2 2 2 
130 141
3 6 8 9 10 10 10 10 10 10 10 10 
131 139
1 3 4 4 5 8 8 8 8 
134 146
1 2 3 3 3 3 3 3 3 3 3 3 3 
143 153
1 3 7 8 9 10 11 12 13 13 13 
147 164
1 2 2 3 3 4 4 6 7 7 8 10 10 11 11 11 11 11 
