35
0 19
2 4 5 7 8 9 10 12 14 15 15 15 15 15 15 15 15 15 15 15 
3 8
1 2 3 3 3 3 
4 17
1 2 3 4 4 4 4 5 6 7 8 9 9 9 
10 22
3 4 5 6 7 7 7 7 7 7 7 7 7 
13 24
2 2 3 5 6 7 8 8 8 8 8 8 
15 21
2 3 3 5 6 6 6 
16 19
1 1 3 3 
19 26
3 3 3 4 4 6 7 7 
26 43
2 3 4 5 5 5 5 5 5 5 5 5 5 5 5 5 5 5 
29 48
3 4 5 5 6 6 6 6 6 6 6 6 6 6 6 6 6 6 6 6 
34 43
1 1 3 4 5 6 8 8 8 8 
37 53
2 2 3 5 6 8 9 10 12 13 13 14 16 16 17 17 17 
49 58
2 3 4 4 4 4 4 4 4 4 
52 63
1 3 4 5 7 8 10 11 13 13 13 13 
54 61
2 3 3 3 3 3 3 3 
58 66
1 3 7 8 9 9 9 9 9 
61 73
2 3 5 6 7 7 7 7 7 7 7 7 7 
70 80
2 3 4 4 4 4 4 4 4 4 4 
73 78
1 2 2 2 2 2 
79 90
2 3 4 7 7 9 10 10 10 10 10 10 
79 85
2 3 4 5 7 8 8 
91 100
1 2 3 4 5 5 5 5 5 5 
97 111
2 3 5 6 7 7 8 8 8 8 8 8 8 8 8 
99 106
1 2 4 5 5 6 8 8 
104 118
2 3 3 4 6 7 8 9 10 12 13 14 14 16 16 
123 127
2 6 7 8 11 
124 141
1 1 2 3 3 5 5 7 8 9 10 11 14 14 16 16 16 16 
125 136
1 3 5 7 7 8 9 10 11 12 14 14 
128 138
3 5 6 7 8 9 10 12 13 14 14 
133 143
1 2 2 2 4 4 5 6 7 7 7 
134 139
1 4 5 7 7 7 
141 154
1 2 3 4 5 6 7 7 7 7 7 7 7 7 
144 149
2 3 4 5 5 5 
148 159
2 3 5 7 8 9 10 11 12 13 13 13 
153 156
3 3 4 5 
