35
0 15
2 2 2 5 6 7 8 9 9 11 11 11 11 11 12 13 
1 6
2 3 3 4 5 5 
5 11
1 2 4 6 7 8 8 
6 14
2 4 5 8 10 10 10 10 10 
7 12
2 3 3 4 5 5 
11 24
1 3 5 6 7 8 8 8 8 8 8 8 8 8 
18 26
1 3 3 3 3 3 3 3 3 
21 29
2 2 3 3 4 6 8 9 10 
23 30
1 2 2 2 2 2 2 2 
24 38
2 3 4 4 6 7 8 10 11 12 13 13 14 16 17 
25 34
1 1 2 4 6 7 7 7 7 7 
28 38
1 2 3 4 7 8 10 10 10 10 10 
32 40
2 4 5 5 6 7 7 7 7 
43 51
2 4 4 4 4 4 4 4 4 
44 58
2 3 3 3 3 4 5 6 7 8 9 9 10 11 11 
47 54
2 5 7 7 9 9 10 11 
55 72
1 1 1 1 1 1 1 1 1 1 1 1 1 1 1 1 1 1 
55 60
3 3 3 3 3 3 
58 73
2 5 6 7 8 9 9 9 9 9 9 9 9 9 9 9 
61 75
2 3 6 7 8 8 9 10 10 11 12 13 14 14 14 
62 74
1 1 1 1 1 1 1 1 1 1 1 1 1 
62 66
4 6 6 6 6 
69 86
2 4 6 7 8 8 10 10 10 10 10 10 10 10 10 10 10 10 
70 87
1 2 3 5 7 8 9 10 10 10 10 10 10 10 10 10 10 10 
72 90
1 2 5 7 9 9 11 12 13 14 15 17 17 17 17 17 17 17 17 
75 82
3 3 3 4 6 6 6 6 
79 84
4 5 6 6 7 7 
81 96
2 4 5 7 8 9 10 11 12 13 15 15 16 18 19 20 
83 94
2 3 4 6 7 8 9 10 11 12 12 12 
89 98
2 3 3 3 3 3 3 3 3 3 
94 106
1 2 4 5 7 7 8 9 10 10 10 10 10 
97 104
1 2 2 2 2 2 2 2 
101 117
2 3 5 7 10 11 12 13 14 15 16 17 18 19 20 20 20 
104 111
2 2 3 5 6 8 9 9 
106 118
1 2 3 4 5 6 7 7 7 7 7 7 7 
