35
0 4
2 2 2 2 2 
2 5
5 7 8 9 
4 11
2 2 2 2 2 2 2 2 
7 22
1 3 3 5 7 8 9 9 10 11 12 15 18 19 19 19 
10 26
1 1 2 3 5 7 8 9 9 9 10 13 13 14 14 14 14 
16 19
2 3 5 5 
17 32
1 3 5 6 7 9 10 10 10 10 10 10 10 10 10 10 
24 40
1 2 4 5 6 7 9 10 10 11 12 12 13 13 13 13 13 
29 44
2 3 4 5 5 5 6 7 8 8 8 8 8 8 8 8 
34 44
2 3 3 4 6 6 6 6 6 6 6 
38 46
3 3 3 5 9 9 10 10 10 
38 56
1 2 4 4 6 8 8 8 8 8 8 8 8 8 8 8 8 8 8 
45 64
1 2 3 3 3 3 4 8 8 9 11 12 14 14 16 17 18 18 18 18 
49 53
1 2 3 4 5 
51 64
1 3 3 5 7 8 8 8 8 8 8 8 8 8 
58 77
1 2 3 5 6 7 7 7 7 7 7 7 7 7 7 7 7 7 7 7 
60 75
2 3 3 5 6 6 7 8 8 8 8 8 8 8 8 8 
65 77
2 2 3 5 6 6 6 6 6 6 6 6 6 
71 74
3 5 6 7 
73 83
2 3 4 6 6 6 6 6 6 6 6 
73 90
1 2 3 3 4 5 6 6 7 8 9 10 11 12 13 13 13 13 
75 82
3 4 5 6 7 8 8 8 
75 93
1 3 4 6 7 10 10 10 10 10 10 10 10 10 10 10 10 10 10 
79 96
2 3 4 4 5 6 7 8 9 10 11 12 14 15 16 17 19 21 
80 88
4 6 8 8 9 10 11 11 11 
80 90
2 5 6 7 8 9 9 10 11 11 11 
82 90
2 3 3 3 3 3 3 3 3 
88 105
2 3 3 4 6 6 7 9 10 11 12 12 14 15 16 16 16 16 
93 98
1 1 1 1 1 1 
99 117
2 3 4 6 8 8 9 9 10 11 11 11 11 12 14 14 16 17 17 
100 106
1 3 5 7 8 9 10 
103 114
1 2 3 4 4 5 7 8 8 9 9 9 
107 122
2 3 4 5 7 7 8 9 10 11 11 12 13 13 14 14 
111 128
2 3 5 6 7 8 8 8 8 8 8 8 8 8 8 8 8 8 
121 132
1 3 4 4 4 5 8 9 10 10 10 10 
