35
0 12
2 2 3 5 5 5 5 5 5 5 5 5 5 
1 18
2 3 4 5 5 6 8 9 10 11 12 12 12 12 12 12 12 12 
6 25
1 4 6 6 7 8 9 11 11 13 14 16 17 18 19 19 20 21 21 21 
13 32
2 3 6 7 9 10 12 14 14 14 14 15 16 18 19 22 23 24 24 24 
14 22
1 2 2 2 2 2 2 2 2 
16 29
1 2 3 5 7 10 11 11 11 11 11 11 11 11 
18 34
2 3 4 4 6 7 8 9 10 10 10 10 10 10 10 10 10 
21 26
2 2 4 5 6 6 
22 29
1 3 3 3 3 3 3 3 
28 44
2 4 7 8 9 12 12 13 14 15 15 15 15 15 15 15 15 
29 39
2 3 4 5 6 7 7 8 9 9 9 
31 38
1 2 3 5 6 7 8 9 
55 73
2 4 5 5 6 7 8 9 10 11 12 14 15 16 17 17 17 17 17 
59 69
1 3 4 5 7 7 8 9 9 9 9 
67 79
1 2 3 4 6 7 7 8 9 9 9 9 9 
68 81
1 2 4 4 4 4 4 4 4 4 4 4 4 4 
74 93
2 3 3 3 5 5 5 5 5 5 5 5 5 5 5 5 5 5 5 5 
74 84
2 3 5 6 7 9 10 12 14 14 14 
74 85
2 4 5 6 7 8 8 8 8 8 8 8 
83 97
1 3 4 5 6 6 7 8 9 11 12 13 14 15 15 
84 102
1 4 5 6 7 9 10 13 13 15 16 16 16 16 16 16 16 16 16 
89 92
1 2 3 3 
92 98
1 4 4 4 4 4 4 
96 108
1 3 5 6 6 6 6 6 6 6 6 6 6 
99 102
1 1 2 2 
102 114
2 3 3 4 4 4 4 5 6 7 8 8 8 
106 109
2 3 4 4 
107 126
1 2 3 4 5 6 8 9 9 10 12 12 13 14 15 16 17 18 19 20 
109 112
1 1 2 3 
109 126
5 6 6 7 8 9 10 13 13 14 15 16 16 16 16 16 16 16 
112 115
1 3 3 3 
117 130
1 3 4 5 6 7 8 10 10 10 10 10 10 10 
128 138
1 2 2 2 2 2 2 2 2 2 2 
134 153
2 4 5 6 7 10 11 12 13 14 15 17 17 19 19 19 19 19 19 19 
149 158
3 4 5 6 7 7 8 9 9 9 
