40
0 9
1 3 3 4 5 6 8 8 9 9 
9 23
1 2 2 3 5 6 7 9 9 9 9 9 9 9 9 
9 18
1 3 4 5 7 8 8 8 8 8 
12 21
1 2 4 5 7 9 10 10 10 10 
13 21
2 3 4 4 4 4 4 4 4 
17 27
1 2 3 5 5 7 8 9 10 10 10 
29 42
2 2 2 2 2 2 2 2 2 2 2 2 2 2 
33 40
1 1 2 3 4 5 5 5 
33 52
2 2 3 4 5 6 6 6 6 6 6 6 6 6 6 6 6 6 6 6 
38 49
1 2 4 4 5 6 6 6 6 6 6 6 
44 49
1 2 5 7 7 8 
45 52
2 3 5 6 6 7 8 8 
46 60
2 3 4 4 4 4 4 4 4 4 4 4 4 4 4 
47 54
3 3 4 5 6 7 7 7 
49 64
2 4 5 6 7 8 10 11 11 12 12 13 13 13 13 13 
51 61
1 1 1 1 1 2 2 3 4 6 6 
57 66
1 2 5 6 7 7 9 10 10 11 
60 74
1 2 3 4 5 7 8 11 12 12 14 15 16 17 17 
63 75
2 4 4 5 6 9 10 11 11 11 11 11 11 
68 74
2 2 3 4 5 6 6 
74 82
1 2 3 5 5 5 5 5 5 
76 80
2 3 5 6 6 
77 82
1 2 4 6 7 7 
79 83
2 2 3 3 3 
79 95
1 2 2 2 2 2 2 2 2 2 2 2 2 2 2 2 2 
84 89
3 4 4 4 4 4 
87 90
2 3 6 7 
88 99
2 4 5 6 9 10 11 11 11 11 11 11 
89 96
1 2 2 4 5 5 5 5 
92 99
1 2 2 3 4 5 5 6 
101 113
1 2 3 4 6 7 7 7 7 9 9 9 9 
105 110
3 5 7 7 10 10 
108 119
1 2 5 8 9 11 11 13 13 13 13 13 
110 125
2 3 4 5 6 7 9 10 11 11 11 11 11 11 11 11 
117 126
1 2 3 4 4 5 6 7 7 7 
129 141
2 3 5 6 7 8 8 8 8 8 8 8 8 
130 135
2 3 3 3 4 4 
131 137
1 4 4 5 6 6 8 
133 151
1 3 4 6 8 8 10 11 12 12 13 13 13 13 13 13 13 13 13 
136 153
2 3 4 5 6 7 7 8 9 11 12 13 14 15 16 17 18 19 
