40
0 4
2 4 5 5 7 
2 14
2 4 5 5 6 7 8 8 9 10 10 11 13 
3 13
1 3 3 4 6 7 7 7 7 7 7 
11 22
2 3 4 6 7 8 9 11 11 11 11 11 
12 15
1 4 5 5 
13 32
2 3 5 9 11 13 14 14 16 17 19 19 20 21 21 21 21 21 21 21 
23 29
1 2 4 4 5 6 7 
25 30
3 5 5 5 5 5 
26 44
1 2 4 5 6 6 8 8 8 8 8 8 8 8 8 8 8 8 8 
29 35
4 6 6 6 7 9 9 
35 46
1 3 5 7 9 11 12 12 12 12 12 12 
35 43
2 3 4 5 6 7 8 9 9 
40 48
1 2 2 2 2 2 2 2 2 
44 49
1 3 3 3 3 3 
56 68
2 3 4 5 6 6 7 7 7 7 7 7 7 
57 68
1 4 5 6 7 7 7 7 7 7 7 7 
64 73
2 5 5 5 5 5 5 5 5 5 
64 69
2 3 4 7 7 7 
69 87
2 3 5 6 7 8 9 10 11 11 11 11 11 11 11 11 11 11 11 
71 80
2 3 4 4 4 4 4 4 4 4 
71 82
1 2 3 5 7 8 10 11 11 11 11 11 
74 86
1 3 4 5 6 6 7 8 8 9 10 11 12 
76 82
2 2 2 2 2 2 2 
77 86
1 3 4 4 5 5 6 7 7 7 
86 105
1 3 4 6 7 7 7 7 7 7 7 7 7 7 7 7 7 7 7 7 
90 105
1 3 5 6 8 9 11 11 11 11 11 11 11 11 11 11 
91 94
3 6 7 7 
94 109
1 3 5 6 7 8 9 9 11 11 13 14 14 14 14 14 
98 113
1 2 3 3 5 6 7 8 9 10 10 10 10 10 10 10 
108 118
1 4 4 4 4 4 5 6 7 8 8 
110 123
1 3 3 3 4 5 6 7 8 10 10 11 14 14 
111 116
2 4 5 6 7 7 
111 122
2 3 4 5 5 6 6 6 6 6 6 6 
112 128
1 3 3 3 4 5 6 7 7 8 9 10 11 12 12 12 12 
122 135
2 3 3 3 3 5 5 5 5 5 5 5 5 5 
125 144
1 3 4 5 5 5 6 8 11 12 13 14 15 16 16 18 18 18 18 18 
130 145
2 3 4 4 5 5 5 5 5 5 5 5 5 5 5 5 
134 137
1 2 2 2 
145 153
1 3 4 5 5 6 7 9 9 
148 155
1 2 2 2 2 2 2 2 
