40
0 14
1 4 5 6 7 8 9 10 11 11 13 14 15 16 16 
2 16
1 3 5 6 7 8 8 10 11 11 12 13 14 14 15 
3 7
1 4 5 5 5 
11 24
2 3 3 5 5 6 7 8 9 10 11 11 11 11 
19 22
2 3 4 7 
20 27
1 3 5 5 5 5 5 5 
21 32
1 3 4 4 5 6 7 8 10 10 11 12 
23 32
1 1 2 4 4 5 6 6 6 6 
26 44
1 3 3 4 5 6 7 7 9 9 10 11 12 12 14 14 14 14 14 
30 37
1 3 4 6 7 7 8 9 
32 38
1 3 5 5 7 7 7 
42 53
1 1 2 3 4 6 6 6 6 6 6 6 
43 50
1 2 4 5 7 8 8 9 
46 49
3 4 6 6 
46 50
1 3 5 5 5 
51 54
1 2 2 4 
54 71
1 2 6 7 11 11 11 11 11 11 11 11 11 11 11 11 11 11 
56 63
2 3 5 7 8 9 11 11 
61 68
1 3 4 5 7 8 10 10 
74 77
2 3 4 4 
82 85
1 2 2 2 
82 90
1 2 4 4 6 6 6 6 6 
83 87
2 3 4 5 6 
84 94
1 1 2 2 2 2 2 2 2 2 2 
87 96
2 3 5 7 8 8 9 10 11 11 
96 99
1 3 3 4 
101 109
3 4 6 6 6 6 6 6 6 
104 115
2 2 2 2 2 2 2 2 2 2 2 2 
104 115
1 2 3 4 4 5 7 7 8 8 8 8 
105 110
1 1 1 1 2 3 
108 119
1 4 5 5 5 5 5 5 5 5 5 5 
111 116
3 4 4 6 8 10 
112 131
3 4 4 4 4 4 6 7 8 8 8 8 8 8 9 10 11 11 11 11 
118 135
1 2 5 6 6 8 9 10 11 11 11 11 11 11 11 11 11 11 
118 121
2 2 2 2 
122 138
2 2 3 5 6 7 8 8 8 8 8 8 8 8 8 8 8 
126 142
1 2 2 3 5 7 8 9 10 11 12 13 13 13 13 13 13 
126 140
1 2 4 5 6 6 7 8 9 10 11 12 13 13 13 
126 139
2 2 2 2 2 2 2 2 2 2 2 2 2 2 
130 134
2 3 4 4 4 
