40
0 7
1 1 2 4 6 6 8 9 
2 19
2 3 4 4 5 6 8 9 11 11 12 12 14 14 15 15 16 16 
5 21
2 3 4 5 6 8 9 11 11 11 11 11 11 11 11 11 11 
6 13
2 4 4 4 4 4 4 4 
12 31
2 3 7 9 10 11 12 13 14 15 15 17 18 19 21 22 23 24 25 25 
13 29
1 2 2 2 3 5 6 7 7 7 7 7 7 7 7 7 7 
17 22
1 4 6 7 8 8 
18 33
2 2 2 2 3 3 4 4 4 4 4 4 4 4 4 4 
26 43
2 2 3 5 5 6 6 7 8 14 14 14 14 14 14 14 14 14 
27 39
2 2 4 6 6 6 6 6 6 6 6 6 6 
33 51
1 2 3 4 5 7 7 10 11 12 13 13 14 15 15 15 15 15 15 
37 54
3 4 5 7 8 9 10 12 13 13 13 13 13 13 13 13 13 13 
38 41
1 2 3 3 
41 46
1 3 5 6 7 8 
43 60
2 2 4 5 6 7 8 9 12 14 14 16 17 18 18 18 18 18 
47 52
3 3 5 6 6 6 
53 66
1 2 3 3 4 5 6 6 7 7 7 7 7 7 
68 81
1 2 3 3 4 5 8 8 9 10 11 12 12 13 
73 87
5 5 5 6 7 7 8 10 11 11 12 13 14 16 16 
80 90
1 3 3 3 3 3 3 3 3 3 3 
81 96
2 4 4 7 9 10 10 11 13 14 14 14 14 14 14 14 
82 97
2 4 4 4 4 4 4 4 4 4 4 4 4 4 4 4 
83 97
2 3 4 5 6 8 9 10 10 10 10 10 10 10 10 
101 116
1 2 3 4 5 5 6 8 9 11 12 13 15 15 15 15 
102 120
1 2 3 4 5 6 7 8 9 10 11 11 11 11 11 11 11 11 11 
104 108
1 1 1 1 1 
108 125
1 5 8 8 8 8 8 8 8 8 8 8 8 8 8 8 8 8 
111 123
1 1 3 3 3 3 3 3 3 3 3 3 3 
112 128
1 5 7 8 9 10 11 11 11 11 11 11 11 11 11 11 11 
114 132
1 3 4 5 6 7 8 9 10 11 12 13 15 15 15 15 15 15 15 
115 129
1 2 2 5 5 6 6 7 8 8 9 10 11 11 12 
124 133
1 2 2 4 4 6 7 8 9 9 
124 127
1 1 2 3 
126 136
2 3 4 5 6 6 6 6 6 6 6 
131 139
2 2 3 4 4 5 5 5 5 
132 140
2 2 3 4 5 6 6 7 7 
133 142
1 3 4 5 5 7 8 8 8 8 
137 145
1 4 4 5 6 7 7 7 7 
139 155
2 3 4 5 6 7 7 8 9 10 11 12 12 13 13 15 15 
158 161
1 1 3 3 
