40
0 16
2 3 4 5 6 7 9 11 12 13 14 16 16 16 16 16 16 
0 7
1 3 5 5 5 5 5 5 
1 6
1 1 1 2 3 4 
2 14
2 4 6 7 8 8 8 9 10 11 12 12 12 
4 17
2 5 6 7 8 9 9 9 9 10 12 13 13 13 
7 21
2 3 3 5 7 8 9 10 11 12 13 14 14 14 14 
10 15
4 6 7 8 9 10 
13 19
1 1 1 3 3 5 7 
16 22
1 2 2 2 2 2 2 
27 31
1 2 2 2 2 
32 46
1 2 3 5 6 7 9 10 10 10 10 10 10 10 10 
35 47
1 2 3 5 7 8 9 10 11 11 13 14 15 
35 40
2 3 4 6 6 6 
35 38
4 5 5 5 
36 45
1 2 4 6 6 6 6 6 6 6 
37 44
1 2 2 2 2 2 2 2 
40 56
2 3 4 4 5 7 8 9 10 11 11 12 12 14 14 14 14 
48 51
1 1 3 4 
59 71
1 2 4 4 6 7 8 10 11 15 15 15 15 
62 71
3 4 4 5 6 7 7 7 7 7 
69 75
2 5 5 5 5 5 5 
69 78
1 2 2 2 2 2 2 2 2 2 
72 77
2 4 4 4 4 4 
74 80
2 3 3 4 4 4 4 
80 85
3 4 5 5 5 5 
80 87
2 3 6 8 9 9 9 9 
83 87
1 4 6 7 8 
88 92
1 4 6 8 8 
98 107
1 3 6 7 7 7 7 7 7 7 
101 117
1 1 3 4 5 6 7 7 7 7 7 7 7 7 7 7 7 
102 105
3 5 6 6 
105 124
3 4 4 5 5 7 7 7 7 7 7 7 7 7 7 7 7 7 7 7 
108 122
1 2 2 3 3 3 3 3 3 3 3 3 3 3 3 
137 155
1 1 2 3 5 8 9 10 10 11 11 12 13 14 15 16 16 16 16 
137 156
2 3 5 6 7 9 10 11 12 12 12 12 12 12 12 12 12 12 12 12 
144 160
3 5 6 7 8 9 11 12 13 14 15 17 17 17 17 17 17 
145 157
3 3 3 3 3 3 3 3 3 3 3 3 3 
146 154
1 3 4 4 5 6 7 7 7 
147 152
2 3 4 5 6 6 
156 167
1 3 4 6 6 7 8 9 10 10 10 10 
