45
0 19
1 2 3 6 6 7 9 11 12 13 14 15 16 16 16 16 16 16 16 16 
1 17
2 3 4 5 6 6 8 9 10 11 12 12 14 15 16 16 16 
15 24
3 4 5 6 6 6 6 6 6 6 
15 22
1 4 4 5 7 8 9 9 
19 26
1 2 3 4 4 4 4 4 
25 31
1 2 3 6 7 7 8 
26 30
2 2 2 2 2 
31 41
1 2 5 8 9 11 11 11 11 11 11 
34 47
2 3 4 4 5 5 5 5 5 5 5 5 5 5 
36 52
1 2 3 5 7 8 9 9 9 9 9 9 9 9 9 9 9 
36 46
2 3 3 3 3 3 3 3 3 3 3 
37 55
1 2 3 4 5 5 6 6 8 9 10 10 11 12 12 12 12 12 12 
42 61
2 2 3 3 4 5 5 6 6 6 6 6 6 6 6 6 6 6 6 6 
45 52
1 2 4 4 4 4 4 4 
51 57
1 3 4 4 4 5 5 
57 60
2 5 5 5 
61 72
1 2 3 3 5 6 6 6 6 6 6 6 
63 78
1 4 5 6 8 8 10 11 11 13 14 15 16 18 19 20 
65 75
1 3 4 5 5 7 8 8 8 8 8 
68 82
2 2 4 5 6 7 7 7 7 7 7 7 7 7 7 
73 90
2 4 5 5 6 6 7 8 9 10 11 11 13 14 15 15 16 17 
77 90
3 4 4 5 8 9 10 11 12 13 13 13 13 13 
78 86
1 1 1 1 1 3 3 3 3 
81 93
1 2 4 4 5 5 7 9 9 9 9 9 9 
90 100
1 1 2 3 5 6 7 8 10 11 12 
91 104
2 4 4 5 6 7 8 9 10 11 13 14 14 14 
91 104
1 2 2 4 5 5 6 7 7 7 7 7 7 7 
94 107
2 2 3 4 5 6 6 6 6 6 6 6 6 6 
102 113
1 2 3 4 5 7 8 9 11 11 11 11 
111 116
1 5 5 7 7 7 
115 126
2 3 4 5 5 5 5 8 9 11 11 11 
115 118
1 1 3 3 
115 125
2 4 5 8 8 10 10 11 12 13 14 
117 126
3 4 6 6 6 6 6 6 6 6 
120 133
1 3 3 5 7 8 8 8 10 10 13 14 15 16 
122 127
2 3 3 3 4 5 
129 146
1 2 3 5 7 10 11 11 13 15 15 16 16 16 16 16 16 16 
137 145
2 3 4 6 6 6 6 6 6 
137 144
1 2 4 4 4 4 4 4 
141 150
1 3 4 5 6 6 7 8 9 9 
144 150
1 2 2 4 4 4 4 
145 149
2 2 2 2 2 
145 149
2 3 4 5 6 
147 164
2 4 5 6 8 9 9 10 11 12 13 14 15 15 16 17 18 18 
149 152
2 4 5 6 
