45
0 5
2 2 3 4 5 5 
0 11
1 2 3 3 4 4 5 6 7 8 9 9 
1 10
1 1 3 4 5 6 7 8 9 9 
3 16
2 3 3 4 5 6 6 7 8 10 10 11 11 11 
9 20
2 4 5 6 7 8 9 10 11 12 12 12 
13 20
2 4 4 5 5 5 5 5 
14 20
3 4 5 6 7 7 7 
19 22
1 2 5 6 
22 30
2 3 6 7 10 11 11 13 15 
23 40
1 2 5 7 10 11 11 11 11 11 11 11 11 11 11 11 11 11 
27 31
2 3 6 6 8 
32 45
1 2 4 4 4 4 4 4 4 4 4 4 4 4 
35 50
2 3 4 5 5 6 6 6 6 6 6 6 6 6 6 6 
35 47
2 2 3 3 5 5 5 5 5 5 5 5 5 
39 54
1 3 6 8 8 8 8 8 8 8 8 8 8 8 8 8 
40 48
2 3 5 6 6 7 7 7 7 
43 50
2 2 2 3 4 4 6 6 
46 56
1 3 3 3 3 3 3 3 3 3 3 
47 51
1 1 1 1 1 
49 56
3 3 3 3 3 3 3 3 
57 60
1 2 3 4 
62 75
3 5 5 6 7 8 9 11 11 11 11 11 11 11 
63 69
2 2 4 4 4 5 6 
68 76
2 4 6 7 8 9 10 10 10 
70 85
1 3 5 6 7 9 11 12 13 13 13 13 13 13 13 13 
72 86
1 2 3 5 6 7 8 8 8 8 8 8 8 8 8 
78 94
2 3 4 5 6 8 9 9 10 11 12 13 13 13 13 13 13 
81 97
3 4 5 6 9 10 11 12 13 13 13 13 13 13 13 13 13 
83 101
1 2 3 5 5 5 5 5 5 5 5 5 5 5 5 5 5 5 5 
83 100
1 3 4 5 6 8 9 10 10 11 12 14 15 16 17 18 18 18 
87 92
1 2 3 3 3 3 
93 98
1 3 3 5 6 7 
111 128
1 2 3 4 5 6 9 10 12 12 13 13 13 13 13 13 13 13 
113 131
1 2 4 5 6 7 8 9 10 11 12 13 14 15 15 15 15 15 15 
121 124
2 5 5 5 
122 126
2 4 4 4 4 
129 143
1 3 4 5 7 8 12 12 13 15 15 16 18 19 19 
132 150
1 2 4 5 5 6 6 6 6 6 6 6 6 6 6 6 6 6 6 
133 139
2 4 4 4 4 4 4 
134 138
2 2 2 2 2 
136 142
2 3 6 6 6 6 6 
139 148
1 2 3 3 4 6 7 7 7 7 
143 158
1 3 5 6 7 8 9 11 11 14 14 16 16 16 16 16 
143 156
1 2 2 3 4 6 6 6 6 6 6 6 6 6 
148 165
2 3 5 6 9 10 11 11 12 13 15 15 15 15 15 15 15 15 
