45
0 12
2 2 2 2 2 2 2 2 2 2 2 2 2 
4 22
1 2 3 4 5 6 8 9 10 11 12 12 14 15 16 17 17 17 17 
5 14
1 2 2 5 6 7 7 8 8 8 
10 28
2 3 4 6 7 8 8 11 12 14 15 16 18 18 19 20 20 20 20 
12 18
1 1 1 1 1 1 1 
13 27
1 2 3 3 4 6 8 9 10 11 12 14 15 16 17 
24 37
1 1 1 1 1 2 3 5 7 7 9 11 12 12 
32 42
2 4 4 4 5 6 7 7 7 7 7 
40 48
2 2 3 4 5 6 7 7 9 
40 45
3 5 5 6 7 8 
40 54
1 3 3 3 3 3 4 5 6 7 7 7 7 7 7 
40 53
1 1 1 4 5 7 8 8 9 10 12 12 12 12 
43 53
1 2 3 4 5 5 5 5 5 5 5 
45 56
1 2 3 4 5 6 7 8 10 10 10 10 
46 60
1 3 4 4 5 6 7 7 7 7 7 7 7 7 7 
50 59
2 4 5 5 6 6 7 8 11 11 
53 70
2 2 5 5 6 7 7 8 9 9 10 11 12 13 13 14 14 14 
58 65
1 2 3 7 8 10 10 10 
59 63
1 3 3 3 3 
61 73
2 6 7 8 9 10 11 11 11 11 11 11 11 
62 67
3 3 4 4 6 7 
64 76
2 2 3 3 4 7 7 9 10 11 12 13 15 
65 75
2 3 4 4 4 4 4 4 4 4 4 
69 76
3 6 6 10 11 11 11 11 
72 80
1 2 3 4 5 5 5 5 5 
74 86
2 4 4 5 6 6 6 6 6 6 6 6 6 
85 101
2 3 4 5 6 7 8 9 10 10 10 10 10 10 10 10 10 
89 103
1 3 3 4 5 6 8 9 9 10 11 12 13 13 13 
90 108
1 2 2 3 4 5 5 7 7 7 7 7 7 7 7 7 7 7 7 
90 104
2 3 4 4 4 4 4 5 5 5 5 5 5 5 5 
95 100
1 2 3 4 4 4 
96 114
3 3 4 6 7 8 10 11 13 14 14 15 15 16 16 17 18 19 19 
99 111
1 2 3 5 5 6 7 8 10 11 11 11 11 
99 110
1 2 6 8 8 9 10 12 14 15 16 17 
104 118
2 3 3 3 3 3 3 3 3 3 3 3 3 3 3 
105 118
1 3 3 3 3 3 3 3 3 3 3 3 3 3 
112 122
1 1 3 5 6 7 7 7 7 7 7 
115 134
1 2 2 3 3 4 5 5 5 5 5 5 5 5 5 5 5 5 5 5 
122 139
2 5 6 6 8 8 8 8 8 8 8 8 8 8 8 8 8 8 
125 139
1 2 3 4 4 6 7 8 9 10 10 10 10 10 10 
126 129
2 3 4 4 
128 137
2 5 6 7 7 7 7 7 7 7 
130 140
1 3 4 5 5 5 5 5 5 5 5 
138 142
2 4 4 4 4 
138 151
1 2 3 4 6 8 10 11 12 12 12 12 12 12 
