45
0 8
1 3 5 7 8 9 9 9 9 
3 13
2 5 6 7 8 9 10 10 12 14 14 
4 10
1 2 4 5 6 8 8 
5 15
1 3 4 6 6 9 10 11 12 12 12 
6 10
1 1 1 3 3 
11 26
1 3 4 7 8 10 10 10 10 10 10 10 10 10 10 10 
19 22
1 2 4 7 
22 30
1 1 1 1 2 3 3 4 5 
22 40
1 2 3 4 4 5 6 7 8 9 10 11 13 13 14 14 15 15 15 
24 40
1 2 4 5 6 7 8 9 10 10 11 13 16 16 16 16 16 
24 31
1 2 3 3 4 5 6 7 
29 38
2 3 3 3 4 7 7 7 7 7 
30 35
1 2 4 6 6 8 
32 36
3 4 4 4 5 
34 48
2 5 7 8 9 10 12 12 13 13 14 15 16 17 17 
36 49
3 4 4 4 4 4 4 4 4 4 4 4 4 4 
42 58
1 2 3 4 5 6 6 7 8 8 8 8 8 8 8 8 8 
43 49
1 4 6 7 7 7 7 
44 54
2 3 3 4 5 6 6 7 7 7 7 
46 59
1 2 2 3 4 5 9 9 9 9 9 9 9 9 
61 80
1 2 3 4 4 4 5 6 6 8 9 9 9 9 9 9 9 9 9 9 
67 78
1 1 1 1 1 1 1 1 1 1 1 1 
74 87
1 2 3 4 5 6 8 9 10 12 13 13 13 13 
77 91
1 2 4 6 7 7 9 10 10 10 10 10 10 10 10 
79 94
1 2 2 3 5 6 6 8 10 11 12 13 14 14 14 14 
82 97
1 2 4 6 7 9 9 9 9 9 9 9 9 9 9 9 
83 96
1 3 4 6 6 9 10 12 13 14 16 16 16 16 
85 95
2 3 3 3 5 6 7 8 9 9 9 
87 100
1 3 3 3 3 3 3 3 3 3 3 3 3 3 
91 94
4 5 5 5 
95 98
1 2 2 3 
99 105
2 2 5 6 7 7 7 
101 104
2 2 3 4 
103 108
1 3 3 5 5 5 
108 122
1 4 6 7 8 9 9 11 11 11 11 11 11 11 11 
113 132
2 2 3 4 4 5 7 8 11 12 14 14 15 16 17 18 19 20 22 22 
116 125
1 2 3 3 4 4 5 7 8 9 
121 139
3 3 4 6 7 9 11 12 15 16 17 19 20 20 20 20 20 20 20 
126 139
1 2 3 3 3 4 4 4 4 4 4 4 4 4 
127 131
1 1 1 1 1 
131 144
1 1 1 1 2 3 4 5 5 7 9 9 10 11 
137 156
1 2 3 4 6 8 10 11 12 13 13 14 14 14 14 14 14 14 14 14 
140 147
1 3 4 5 6 7 9 9 
141 160
1 3 4 4 6 7 7 7 7 7 7 7 7 7 7 7 7 7 7 7 
141 156
2 4 4 4 4 4 4 5 6 7 8 8 9 10 12 13 
