45
0 5
2 4 7 7 8 10 
6 11
2 4 5 5 5 5 
7 19
1 2 3 4 4 5 5 7 7 7 7 7 7 
8 12
1 3 4 5 6 
9 22
2 5 6 6 6 6 6 6 6 6 6 6 6 6 
11 17
1 2 2 3 4 6 6 
15 30
2 3 3 4 5 5 6 7 8 10 11 11 11 11 11 11 
16 27
2 3 4 4 4 4 4 4 4 4 4 4 
23 30
2 4 5 6 7 8 9 9 
25 43
1 1 2 3 4 5 6 6 8 8 9 10 11 12 14 14 14 14 14 
26 36
1 2 4 5 7 8 9 11 12 12 12 
30 33
1 1 3 4 
31 35
3 5 7 8 8 
34 52
1 4 5 6 7 8 10 11 13 14 14 14 16 17 17 17 17 17 17 
41 47
2 2 2 2 2 2 2 
46 62
2 3 6 7 9 9 11 13 14 15 15 15 15 15 15 15 15 
54 58
3 4 6 7 7 
61 78
3 4 5 6 7 8 8 10 10 10 10 10 10 10 10 10 10 10 
62 67
3 4 6 7 7 7 
64 75
1 3 3 3 3 3 3 3 3 3 3 3 
66 81
1 3 4 5 6 6 8 9 9 10 10 10 10 10 10 10 
71 78
2 2 3 4 4 6 7 8 
71 90
1 2 3 5 6 9 9 10 11 12 13 15 16 17 18 19 21 22 23 23 
78 82
1 3 5 7 7 
82 95
1 1 2 3 3 4 5 6 8 9 9 9 9 9 
82 97
1 1 2 3 4 4 5 6 7 7 8 10 11 12 14 15 
83 92
1 2 4 5 6 7 7 7 7 7 
84 96
1 2 3 4 5 6 6 6 6 6 6 6 6 
84 95
1 1 2 3 4 5 5 5 5 5 5 5 
84 99
2 4 6 7 8 9 10 12 13 13 14 15 16 16 16 16 
96 114
1 2 3 4 5 6 7 8 9 11 12 13 14 15 16 17 17 17 17 
96 100
5 5 5 5 5 
96 101
1 2 5 5 5 5 
98 102
1 2 3 3 3 
100 103
2 5 7 7 
103 115
1 3 6 7 7 8 9 9 9 9 9 9 9 
113 119
3 5 6 8 9 11 12 
116 123
1 3 4 4 4 4 4 4 
116 127
3 4 5 5 7 8 9 11 12 12 12 12 
121 132
2 2 2 2 4 6 7 8 9 9 9 9 
121 134
2 4 5 5 6 7 8 8 8 8 8 8 8 8 
123 138
1 2 2 4 5 5 6 7 7 7 7 7 7 7 7 7 
125 134
2 5 6 7 8 9 9 9 9 9 
130 136
1 3 4 5 5 7 8 
131 147
2 2 3 4 5 8 10 11 12 13 13 15 15 16 18 18 18 
