50
0 4
1 2 2 3 3 
6 21
3 3 4 4 6 8 8 8 8 8 8 8 8 8 8 8 
15 34
1 3 4 5 7 7 8 10 10 11 11 11 11 11 11 11 11 11 11 11 
24 31
2 3 4 5 7 8 9 9 
25 34
1 3 4 7 7 8 10 11 11 11 
29 40
1 2 4 6 7 8 8 8 11 11 11 11 
30 49
1 2 4 6 7 9 10 10 10 12 13 15 16 17 18 19 20 21 22 22 
33 37
2 3 4 6 8 
34 45
1 2 3 3 4 5 5 6 8 10 10 10 
34 47
1 1 3 5 5 6 7 9 9 10 11 11 11 11 
43 55
2 2 2 2 2 2 2 2 2 2 2 2 2 
44 63
2 3 4 4 5 6 8 9 10 11 13 14 14 14 15 15 15 15 15 15 
45 54
3 4 4 6 7 7 8 8 8 8 
46 60
2 3 6 6 7 8 9 10 11 13 14 15 16 17 17 
58 67
1 2 2 2 3 5 6 7 7 9 
61 76
2 3 5 5 7 7 8 9 10 11 12 13 15 16 17 19 
62 72
2 3 3 3 3 3 3 3 3 3 3 
63 80
3 5 6 7 10 10 10 10 10 10 10 10 10 10 10 10 10 10 
66 78
1 2 3 4 5 6 6 8 9 10 11 11 11 
66 72
3 4 5 6 6 7 7 
68 74
2 3 4 4 4 4 4 
73 89
2 3 4 4 5 6 6 7 8 9 11 11 11 11 11 11 11 
79 91
1 2 3 4 5 7 8 8 8 8 8 8 8 
79 92
1 3 4 4 6 6 8 9 10 11 13 13 15 15 
80 93
2 2 4 4 4 4 4 4 4 4 4 4 4 4 
81 99
2 3 3 3 3 3 3 3 3 3 3 3 3 3 3 3 3 3 3 
85 92
1 3 3 3 3 4 6 6 
85 92
1 2 4 5 6 6 6 6 
98 107
2 4 4 5 7 8 9 9 9 9 
101 114
3 4 4 6 8 8 8 8 8 8 8 8 8 8 
102 112
1 2 4 4 5 6 6 6 6 6 6 
107 116
1 3 4 5 7 8 9 9 9 9 
110 117
2 2 3 5 5 5 5 5 
111 121
1 4 5 6 8 8 8 8 8 8 8 
112 129
1 3 4 5 7 8 8 8 8 8 8 8 8 8 8 8 8 8 
116 121
1 2 3 4 5 5 
120 131
1 2 2 2 5 7 8 9 11 12 12 12 
123 133
1 2 3 3 3 3 3 3 3 3 3 
130 138
1 2 3 6 8 9 11 13 13 
130 143
2 3 5 7 7 7 8 9 11 13 13 13 13 13 
133 143
1 3 3 3 3 3 3 3 3 3 3 
140 144
2 4 6 6 7 
142 158
3 4 6 8 8 9 11 11 12 12 12 12 12 12 12 12 12 
143 152
2 2 2 2 2 2 2 2 2 2 
148 156
1 2 3 6 6 6 7 8 9 
152 161
1 1 2 2 3 4 5 6 7 7 
152 155
1 2 5 5 
154 164
1 2 3 3 5 6 6 6 6 6 6 
160 165
1 3 3 4 4 4 
164 167
1 5 6 6 
