50
0 16
1 2 3 5 5 5 5 5 5 5 5 5 5 5 5 5 5 
2 6
2 5 6 8 9 
2 10
2 3 4 4 7 7 7 7 7 
2 15
1 2 3 3 4 6 6 8 8 9 10 11 12 13 
5 24
1 2 3 4 4 4 4 4 4 4 4 4 4 4 4 4 4 4 4 4 
6 16
1 2 6 7 8 9 10 11 12 13 13 
9 20
1 2 3 5 5 6 7 8 9 10 10 11 
10 16
1 2 3 5 8 9 9 
12 19
1 2 2 3 5 7 7 8 
16 21
4 4 4 4 4 4 
16 30
1 2 4 4 5 6 7 8 10 11 11 11 11 11 11 
16 19
2 4 5 5 
20 23
2 3 5 5 
21 26
2 2 2 2 2 2 
29 32
4 5 5 5 
32 37
1 3 3 3 3 3 
39 42
2 4 6 7 
42 52
1 3 4 4 5 6 9 10 11 12 12 
46 54
2 2 3 3 3 3 3 3 3 
47 61
2 3 4 5 6 6 6 6 6 6 6 6 6 6 6 
48 53
1 2 4 4 5 6 
50 67
1 2 3 3 3 3 4 5 6 6 8 8 9 11 12 12 14 15 
50 63
1 1 2 3 5 6 7 8 9 10 10 11 13 13 
51 69
2 3 4 6 7 8 9 10 10 10 10 10 10 10 10 10 10 10 10 
56 61
2 3 4 5 6 6 
57 68
2 5 6 9 10 11 11 13 14 15 16 16 
68 86
1 3 5 6 6 7 8 9 10 12 12 12 12 12 12 12 12 12 12 
69 80
1 2 4 5 6 6 6 6 6 6 6 6 
70 81
2 3 5 5 7 9 9 9 9 9 9 9 
75 84
2 3 3 5 6 8 8 9 10 11 
80 97
2 3 4 7 8 9 9 9 9 9 9 9 9 9 9 9 9 9 
82 96
1 2 5 7 8 8 9 10 11 11 11 11 11 11 11 
89 92
4 5 5 5 
92 103
1 2 4 4 4 4 4 4 4 4 4 4 
93 104
2 3 4 5 5 5 5 5 5 5 5 5 
94 106
1 3 4 4 5 6 7 7 7 7 7 7 7 
102 109
1 2 3 4 5 6 7 7 
105 114
2 4 5 7 10 11 12 14 16 17 
108 111
1 2 3 3 
108 116
1 3 3 3 3 3 3 4 5 
112 123
3 4 5 8 10 10 10 10 10 10 10 10 
112 119
2 3 4 5 6 6 6 6 
114 124
2 2 3 6 8 10 12 12 12 12 12 
118 129
2 3 4 5 7 8 10 10 11 11 11 11 
120 131
2 5 7 8 8 8 8 8 8 8 8 8 
121 137
2 3 4 5 6 7 8 9 10 10 10 10 10 10 10 10 10 
122 126
2 3 5 6 6 
126 134
1 1 1 1 1 1 1 1 1 
129 144
1 2 3 4 6 7 9 10 10 10 10 10 10 10 10 10 
135 144
2 2 3 3 4 6 7 8 8 8 
