50
0 18
1 1 1 1 1 3 4 5 5 7 7 7 7 7 7 7 7 7 7 
6 15
1 2 4 4 4 4 4 4 4 4 
8 22
1 3 5 7 7 7 7 7 7 7 7 7 7 7 7 
12 24
2 2 3 4 5 6 6 6 6 6 6 6 6 
21 30
2 4 5 6 8 9 9 9 9 9 
21 39
1 3 4 5 6 7 8 9 10 12 14 16 17 17 17 17 17 17 17 
26 36
1 4 5 6 7 8 8 8 8 8 8 
43 47
2 2 2 2 2 
51 57
2 3 4 4 5 7 7 
51 69
2 3 4 6 8 10 11 12 12 14 15 17 18 20 21 22 23 23 24 
53 57
1 2 3 5 6 
57 72
1 2 3 4 5 7 8 9 10 11 12 13 14 15 15 15 
58 61
4 5 6 7 
63 66
3 3 3 3 
66 78
1 4 5 6 7 9 9 11 11 11 11 12 13 
70 84
2 3 5 6 7 9 10 11 12 12 12 12 12 12 12 
70 83
1 4 6 7 8 8 8 8 8 8 8 8 8 8 
70 88
1 2 3 4 5 6 7 8 9 9 10 10 11 11 11 11 11 11 11 
70 75
1 3 4 6 7 9 
72 82
2 2 3 5 5 6 6 6 6 6 6 
73 91
2 2 3 4 5 7 8 9 10 10 11 12 14 14 14 14 14 14 14 
77 87
2 5 6 7 9 10 11 11 11 11 11 
84 87
2 3 3 3 
88 98
1 4 5 6 6 7 9 10 11 12 12 
88 101
1 1 1 1 3 4 6 7 7 7 7 7 7 7 
89 95
2 5 5 9 10 10 10 
92 109
1 2 4 6 6 7 8 9 10 11 11 12 12 12 12 12 12 12 
95 107
1 2 3 6 7 7 7 7 7 7 7 7 7 
99 115
4 4 4 4 4 4 4 4 4 4 4 4 4 4 4 4 4 
101 110
2 4 6 7 8 9 9 9 9 9 
104 112
2 3 3 3 5 5 5 6 6 
110 128
2 3 4 5 6 6 7 8 9 9 10 10 10 10 10 10 10 10 10 
111 125
1 4 5 6 7 8 9 10 12 13 14 14 14 15 18 
114 122
2 2 2 2 2 2 2 2 2 
114 132
2 3 4 5 7 8 9 9 10 10 10 10 10 10 12 12 13 13 13 
115 132
1 3 4 5 6 7 8 9 9 9 9 9 9 9 9 9 9 9 
116 119
1 2 2 2 
118 122
1 2 3 4 6 
121 125
1 3 6 6 7 
124 129
1 3 4 4 5 6 
129 147
2 3 4 6 7 8 9 10 11 13 14 16 17 18 19 21 23 24 26 
129 143
1 2 3 4 4 4 5 8 8 11 12 13 14 14 14 
138 152
1 2 2 3 5 5 5 5 5 5 5 5 5 5 5 
139 151
1 2 3 4 5 6 7 7 7 7 7 7 7 
147 152
4 4 6 7 11 11 
154 161
1 2 3 5 5 7 7 7 
154 157
1 2 3 7 
156 162
2 2 2 2 4 4 4 
156 159
1 2 3 4 
157 165
1 1 1 1 1 1 1 1 1 
