50
0 10
2 3 4 6 7 9 9 10 11 11 11 
5 8
2 2 2 2 
16 20
2 3 5 7 8 
19 26
1 3 4 4 4 5 5 5 
20 35
3 5 8 10 11 12 13 15 16 17 17 17 17 17 17 17 
20 39
1 2 4 5 5 6 6 7 8 9 10 11 13 14 15 16 16 16 16 16 
21 27
1 3 4 6 6 6 8 
26 45
3 5 6 6 8 9 10 11 12 14 15 16 16 17 18 19 21 21 21 21 
27 40
1 2 3 4 4 5 5 7 8 9 11 11 11 11 
30 48
2 3 5 6 7 8 8 8 8 8 8 8 8 8 8 8 8 8 8 
34 37
1 3 3 3 
36 53
1 2 3 3 5 5 7 7 7 7 9 10 11 13 13 14 15 15 
38 43
3 4 4 4 4 4 
42 51
2 2 4 5 6 7 7 8 9 9 
48 60
1 2 2 3 4 4 4 5 6 7 8 9 10 
50 64
2 3 4 6 7 9 9 9 9 9 9 9 9 9 9 
50 69
2 4 5 6 6 6 6 6 6 6 6 6 6 6 6 6 6 6 6 6 
52 63
1 2 3 4 6 7 7 9 10 11 11 11 
57 66
2 3 5 5 5 7 8 8 10 11 
58 73
2 3 6 7 8 10 11 13 14 15 16 17 18 19 19 19 
59 71
3 4 5 6 7 7 9 10 11 12 13 13 13 
61 75
2 3 3 3 3 3 3 3 3 3 3 3 3 3 3 
67 77
2 3 5 5 5 5 6 6 8 10 10 
72 90
2 4 5 6 6 6 6 6 6 6 6 6 6 6 6 6 6 6 6 
73 85
3 3 3 4 5 5 5 5 5 5 5 5 5 
76 87
1 3 4 4 4 4 4 4 4 4 4 4 
76 91
3 5 7 8 9 10 11 11 12 13 14 14 14 14 14 14 
78 85
3 5 6 7 8 11 13 13 
84 102
2 2 4 5 6 7 7 7 7 7 7 7 7 7 7 7 7 7 7 
86 93
1 1 2 4 4 4 4 4 
95 99
3 4 5 5 5 
100 117
1 1 1 2 4 5 6 7 7 8 10 10 10 10 10 10 10 10 
102 115
1 2 4 5 6 7 8 9 10 11 12 14 15 15 
105 123
1 2 2 3 4 5 6 7 7 8 9 10 11 13 14 14 14 15 15 
107 115
2 2 5 6 6 8 9 11 11 
111 116
1 3 4 4 4 4 
115 122
2 4 4 4 4 4 4 4 
116 130
3 4 4 7 8 8 9 10 11 14 14 16 17 18 18 
118 129
3 4 6 7 8 8 10 10 11 12 12 12 
123 130
1 3 4 7 7 7 7 7 
124 130
2 3 4 5 6 7 7 
131 138
1 3 4 4 8 9 10 10 
132 144
2 3 4 4 4 4 4 4 4 4 4 4 4 
133 149
1 2 3 5 7 8 8 8 8 8 8 8 8 8 8 8 8 
138 146
1 1 1 3 4 6 7 8 9 
139 150
1 2 3 4 5 6 6 8 9 10 10 10 
139 145
1 4 5 6 6 6 6 
140 150
1 4 4 4 6 6 6 6 7 7 7 
142 161
2 3 3 4 5 5 6 7 8 9 10 11 12 13 14 14 15 16 17 17 
143 157
1 2 2 3 4 6 6 6 6 6 6 6 6 6 6 
