50
0 13
1 5 7 7 9 9 10 13 13 13 13 13 13 13 
4 21
1 3 4 5 6 6 8 9 10 11 11 11 11 11 11 11 11 11 
7 26
1 3 4 7 8 9 11 11 12 12 13 14 15 16 17 18 18 18 18 18 
9 27
1 2 5 7 8 10 11 13 15 16 17 19 20 22 23 23 26 27 28 
12 16
1 2 4 5 5 
17 28
2 5 6 6 7 8 8 9 10 12 12 12 
18 36
1 2 3 5 5 7 9 10 11 12 12 12 12 12 12 12 12 12 12 
26 36
4 6 7 7 7 7 7 7 7 7 7 
28 31
2 2 2 4 
34 42
1 2 4 6 8 9 9 9 9 
35 41
1 3 4 6 7 8 9 
36 46
1 2 3 6 6 7 8 9 9 9 9 
39 42
1 1 1 1 
42 49
2 3 3 3 3 4 5 6 
50 57
2 3 4 5 7 8 8 8 
53 70
1 4 4 5 6 7 9 11 12 13 13 15 16 18 19 20 20 20 
54 68
2 2 2 3 4 5 7 8 8 9 11 12 13 13 15 
59 69
2 3 4 5 5 7 8 9 9 9 9 
63 81
1 3 5 6 8 8 9 10 11 12 13 14 14 15 15 16 17 17 17 
64 78
2 3 4 6 7 8 9 9 10 11 11 11 11 11 11 
76 90
1 2 2 3 5 5 5 7 8 9 11 11 11 11 11 
78 86
1 2 2 3 3 3 3 3 3 
79 96
2 2 4 6 8 8 9 10 11 12 12 12 12 12 12 12 12 12 
81 96
3 4 5 6 8 9 10 12 13 13 13 13 13 13 13 13 
85 94
1 2 4 5 6 8 10 12 12 12 
91 96
1 2 4 5 5 5 
94 98
1 4 5 5 5 
98 101
2 3 3 3 
99 107
1 4 6 7 7 9 9 9 9 
100 112
1 3 4 5 6 7 8 8 8 8 8 8 8 
100 107
2 3 5 6 7 8 9 10 
103 114
2 3 4 4 5 5 7 7 7 7 7 7 
105 108
2 2 2 2 
106 118
2 3 3 3 3 3 3 3 3 3 3 3 3 
107 124
1 3 5 5 7 11 12 13 14 15 16 16 18 20 21 21 21 21 
110 123
1 2 2 4 5 6 7 9 9 9 9 9 9 9 
111 128
1 2 3 4 4 5 6 8 9 10 11 11 13 15 15 15 15 15 
112 121
1 2 3 3 3 3 3 3 3 3 
116 130
3 3 3 3 3 3 3 3 4 5 7 8 8 8 8 
119 125
3 3 4 4 4 4 5 
119 124
1 2 3 4 4 5 
124 140
3 5 6 7 8 9 10 11 12 12 12 12 12 12 12 12 12 
125 131
1 2 3 4 5 6 7 
126 135
2 2 3 4 4 4 4 4 4 4 
128 138
2 4 4 4 4 4 4 5 6 6 6 
131 147
1 2 3 4 6 7 7 7 7 7 7 7 7 7 7 7 7 
134 142
2 3 4 7 7 9 10 11 11 
138 156
1 1 1 1 1 1 1 1 1 1 1 1 1 1 1 1 1 1 1 
138 154
2 4 4 4 4 4 4 4 4 4 4 4 4 4 4 4 4 
139 157
2 3 4 4 6 6 7 8 9 11 12 13 14 15 15 15 15 15 15 
