55
0 10
1 2 4 6 8 9 10 11 12 12 12 
6 14
1 2 4 6 7 7 7 7 7 
7 18
2 4 7 7 7 7 7 7 7 7 7 7 
8 26
1 2 4 4 6 8 9 9 9 9 9 9 9 9 9 9 9 9 9 
8 19
1 1 2 3 3 6 7 7 7 8 8 8 
9 14
1 3 3 3 3 3 
13 23
2 4 5 6 7 7 8 10 11 11 11 
15 28
2 3 4 5 6 7 8 8 9 11 12 13 14 14 
15 18
1 3 3 4 
17 24
3 5 6 6 7 7 7 7 
18 32
1 3 3 4 6 7 9 10 11 12 14 15 15 15 15 
18 23
1 2 3 3 5 5 
27 44
1 2 2 4 5 6 7 10 12 12 14 14 14 14 14 14 14 14 
30 46
2 2 2 2 2 2 2 2 2 4 4 4 4 4 4 4 4 
30 38
1 2 4 4 4 4 4 4 4 
30 36
2 4 7 8 9 10 10 
39 48
1 2 3 3 5 5 5 5 5 5 
45 62
1 2 3 4 5 6 7 8 9 9 10 12 12 13 14 14 15 17 
47 62
1 2 2 2 2 2 2 2 2 2 2 2 2 2 2 2 
50 60
1 1 3 4 4 6 6 7 9 9 11 
53 67
2 3 4 5 6 7 7 9 9 11 12 13 14 14 14 
55 71
2 3 4 6 7 9 10 11 12 13 13 14 15 15 15 15 15 
60 63
1 2 3 5 
63 75
1 2 2 3 4 6 7 7 9 10 10 10 10 
64 83
2 2 3 4 5 6 7 7 9 11 11 11 11 11 11 11 11 11 11 11 
74 81
3 6 6 8 8 8 8 8 
76 85
1 3 4 7 8 10 11 11 11 11 
78 81
1 3 4 4 
81 99
1 4 4 4 4 4 4 4 6 6 7 7 7 7 7 7 7 7 7 
82 96
2 3 6 6 9 10 11 11 11 11 11 11 11 11 11 
82 90
1 4 4 6 7 9 10 11 12 
85 101
2 3 3 3 3 3 3 3 3 3 3 3 3 3 3 3 3 
86 89
2 2 2 2 
91 99
1 3 4 6 7 7 7 7 7 
92 98
2 3 5 6 8 9 10 
94 110
1 4 5 5 5 5 5 5 7 7 9 9 10 10 10 10 10 
94 106
2 3 4 5 5 7 7 8 8 8 8 8 8 
97 111
1 2 3 4 5 6 7 8 10 10 10 10 10 10 10 
97 104
4 5 7 8 9 10 11 12 
100 110
1 2 3 4 6 8 8 10 10 12 12 
106 120
1 2 2 3 4 5 6 6 6 6 6 6 6 6 6 
111 121
2 2 3 3 4 5 5 5 5 5 5 
115 130
2 4 4 5 6 6 8 8 9 10 11 13 14 15 16 16 
119 136
2 4 5 5 5 7 9 10 10 10 10 10 10 10 10 10 10 10 
129 132
2 2 4 4 
132 136
3 3 5 6 7 
135 142
1 1 3 4 4 6 6 7 
135 142
2 3 4 5 5 5 5 5 
137 144
2 4 6 7 9 9 9 9 
138 157
3 4 4 5 6 7 7 7 7 7 7 7 7 7 7 7 7 7 7 7 
141 155
2 4 5 6 7 7 9 10 10 11 12 13 13 13 13 
147 164
1 2 4 5 9 10 12 12 13 14 15 16 16 16 16 16 16 16 
152 161
1 1 3 4 5 6 7 8 8 8 
152 155
1 3 4 4 
154 159
1 2 2 2 2 2 
