55
0 10
2 3 4 5 6 7 8 9 9 9 9 
2 16
2 3 5 5 5 5 5 5 5 5 5 5 5 5 5 
2 13
1 2 2 2 2 2 2 2 2 2 2 2 
5 15
2 3 5 6 7 8 9 9 10 11 11 
11 19
1 3 3 4 5 6 7 9 10 
17 21
1 3 4 5 5 
19 25
1 4 5 7 7 9 9 
20 36
1 2 4 5 6 7 7 8 9 10 10 10 10 10 10 10 10 
22 40
1 2 2 3 4 5 6 7 7 7 7 7 7 7 7 7 7 7 7 
22 41
1 2 2 3 5 6 7 10 11 12 13 14 16 17 18 19 20 20 20 20 
24 36
1 2 3 4 5 5 5 5 5 5 5 5 5 
28 34
2 2 3 3 5 5 5 
33 42
1 2 2 4 5 5 5 5 5 5 
33 49
1 3 3 5 5 5 6 7 7 8 9 10 12 12 13 14 14 
35 54
1 3 5 5 6 7 8 9 10 10 10 10 10 10 10 10 10 10 10 10 
36 42
2 3 3 3 3 3 3 
40 52
1 1 2 3 4 5 6 7 7 7 7 7 7 
47 65
2 2 2 2 2 2 2 2 2 2 2 2 2 2 2 2 2 2 2 
47 66
2 3 4 5 6 8 9 9 9 9 9 9 9 9 9 9 9 9 9 9 
48 67
2 2 3 4 6 7 8 9 9 10 13 14 15 15 15 15 15 15 15 15 
51 64
1 3 4 5 6 6 6 6 6 6 6 6 6 6 
58 73
1 2 5 5 7 9 10 11 12 14 15 15 16 17 18 18 
63 72
2 5 5 7 10 11 13 14 15 16 
65 75
2 3 5 7 8 9 10 11 12 12 12 
68 74
2 4 5 6 7 8 8 
71 87
2 2 4 5 7 8 9 10 12 12 12 12 12 12 12 12 12 
75 83
1 3 4 5 6 7 8 8 8 
77 86
1 2 4 6 8 9 9 9 9 9 
82 95
1 4 6 6 8 10 11 12 12 12 12 12 12 12 
85 88
1 2 2 2 
86 100
2 5 6 7 9 10 11 12 13 13 14 14 14 14 14 
87 99
2 3 4 5 5 6 7 8 9 10 10 10 10 
89 97
2 4 6 6 7 7 7 7 7 
90 100
2 2 5 5 7 7 8 9 9 9 9 
93 96
2 2 3 4 
97 110
1 2 3 4 5 6 8 9 10 11 12 13 13 13 
99 113
1 3 4 5 6 7 8 10 13 13 14 15 16 16 16 
101 115
2 3 6 7 9 10 10 10 10 10 10 10 10 10 10 
102 118
1 4 4 5 6 7 7 7 7 7 7 7 7 7 7 8 9 
110 115
1 6 8 8 10 10 
115 120
5 6 7 9 10 10 
117 122
3 3 5 5 5 5 
118 121
1 1 4 4 
122 136
1 2 4 7 8 8 10 11 12 13 14 15 17 17 17 
123 138
1 3 4 4 4 4 4 4 4 4 4 4 4 4 4 4 
125 139
2 4 5 8 9 10 11 11 11 11 11 11 11 11 11 
125 142
2 4 5 6 7 9 9 9 9 9 9 9 9 9 9 9 9 9 
134 149
3 5 5 6 6 7 8 10 12 13 14 14 15 17 17 18 
136 143
1 3 4 4 5 5 5 5 
139 150
2 3 3 5 6 6 9 10 10 10 10 10 
141 153
2 2 3 3 3 3 3 3 3 3 3 3 3 
143 161
2 4 5 6 8 9 11 12 14 14 14 14 14 14 14 14 14 14 14 
144 149
1 3 4 5 6 7 
145 148
2 3 5 5 
149 159
1 1 4 6 7 7 7 7 7 7 7 
