55
0 8
2 4 5 6 7 7 9 10 11 
0 4
3 4 4 6 7 
0 4
1 2 3 3 3 
1 10
2 3 4 4 6 6 6 6 6 6 
2 12
2 3 4 8 10 12 13 13 15 16 17 
2 12
1 2 2 2 2 2 4 4 4 4 4 
6 16
3 3 4 6 8 9 10 11 11 11 11 
15 21
2 2 4 5 6 6 6 
19 38
2 3 4 6 7 8 8 9 10 11 11 11 11 11 11 11 11 11 11 11 
24 36
1 4 5 6 6 6 6 6 6 6 6 6 6 
24 31
1 2 3 4 4 5 7 7 
25 36
1 3 4 4 5 6 7 8 9 10 10 10 
26 35
1 3 5 6 6 7 7 7 7 7 
29 35
1 1 2 2 2 2 2 
30 39
1 2 3 4 6 7 7 7 7 7 
34 45
2 3 6 6 6 6 6 6 6 6 6 6 
39 44
4 4 5 5 5 5 
42 50
3 4 5 5 5 5 5 5 5 
45 50
2 2 2 2 2 2 
48 66
2 3 5 6 7 8 9 9 10 11 12 13 15 15 18 18 20 20 20 
58 69
2 4 5 6 7 7 7 7 7 7 7 7 
59 63
1 3 4 6 6 
63 69
3 5 6 8 9 9 9 
63 75
2 4 5 7 9 9 10 11 14 15 17 17 17 
65 84
2 3 5 7 8 8 8 8 8 8 8 8 8 8 8 8 8 8 8 8 
68 72
2 3 4 4 4 
72 76
1 4 4 4 4 
73 92
2 3 5 5 6 7 8 10 11 11 12 14 14 17 18 19 19 20 20 20 
80 84
2 5 6 7 7 
81 94
3 4 4 5 6 7 8 9 9 9 9 9 9 9 
84 93
1 3 3 4 4 4 5 6 6 7 
86 94
1 2 3 5 6 8 9 9 9 
88 94
1 3 4 4 5 6 6 
89 107
1 2 4 6 8 9 9 9 9 9 9 9 9 9 9 9 9 9 9 
90 108
1 2 3 4 5 7 8 9 9 9 9 9 9 9 9 9 9 9 9 
91 107
1 2 2 3 5 6 8 9 9 9 9 9 9 9 9 9 9 
96 114
1 2 4 4 4 4 4 4 4 4 4 4 4 4 4 4 4 4 4 
98 114
1 4 4 6 7 7 8 9 10 10 12 12 12 12 12 12 12 
99 115
2 3 5 6 6 6 6 6 6 6 6 6 6 6 6 6 6 
100 107
2 3 4 6 8 8 10 10 
110 125
1 2 3 4 4 5 7 7 9 10 11 12 12 12 12 12 
113 118
4 5 6 7 9 10 
116 125
2 3 3 6 7 8 8 10 11 12 
116 131
1 2 3 5 6 6 6 6 6 6 6 6 6 6 6 6 
117 123
2 3 6 6 6 6 6 
121 127
1 3 4 6 6 7 7 
127 132
1 3 3 4 4 4 
134 143
1 2 2 3 5 6 6 6 6 6 
138 149
1 1 2 4 4 5 5 5 5 7 8 8 
138 145
1 2 4 5 5 5 5 5 
139 142
2 3 4 4 
141 151
1 2 3 3 3 3 3 3 3 3 3 
144 147
1 2 3 4 
147 157
2 4 7 9 10 11 12 13 13 13 13 
147 154
3 4 4 5 6 7 8 8 
