55
0 11
2 4 7 7 9 9 10 11 12 12 12 12 
3 12
1 3 3 3 3 3 3 3 3 3 
4 17
1 2 4 5 6 8 8 9 10 11 12 13 13 13 
6 19
1 3 4 5 5 6 7 8 8 10 10 11 13 14 
8 16
2 2 2 2 3 6 6 6 6 
9 22
1 2 4 5 7 7 8 9 9 10 11 11 12 12 
10 24
1 3 4 4 4 5 8 8 10 11 12 12 13 14 14 
12 18
2 4 6 7 8 9 9 
17 24
2 2 2 2 2 2 2 2 
18 36
1 4 5 6 6 6 6 6 6 6 6 6 6 6 6 6 6 6 6 
18 29
2 4 5 6 7 7 7 7 7 7 7 7 
20 25
2 3 4 6 6 6 
24 32
3 4 6 6 6 6 6 6 6 
27 43
1 2 5 6 6 6 6 7 7 8 10 11 12 13 13 13 13 
28 42
2 4 5 7 8 8 8 8 9 10 13 13 14 16 17 
34 49
2 2 3 3 4 5 6 7 9 9 9 10 11 12 12 12 
37 48
2 2 3 4 5 6 6 7 7 9 12 13 
40 59
1 2 2 2 2 2 2 2 2 2 2 2 2 2 2 2 2 2 2 2 
45 51
1 3 5 7 7 7 7 
45 55
1 2 5 7 8 9 10 10 10 10 10 
54 68
2 2 3 5 7 8 9 10 11 13 14 14 15 17 18 
59 74
2 4 5 6 7 7 8 8 9 10 11 11 12 12 14 15 
63 68
2 6 7 7 8 9 
66 73
1 3 4 6 6 6 6 6 
74 87
1 4 5 7 8 9 10 11 12 12 13 14 15 15 
74 83
2 3 3 5 6 8 9 9 9 9 
76 79
2 3 5 5 
77 90
3 4 5 6 7 7 7 7 7 7 7 7 7 7 
78 86
2 2 4 6 6 6 6 6 6 
81 90
1 3 5 6 7 8 9 9 9 9 
81 99
1 2 3 7 8 9 9 9 11 12 13 13 14 15 16 17 18 19 21 
85 103
1 2 3 4 4 5 5 6 6 7 8 10 12 13 14 15 16 17 18 
85 102
1 2 3 3 4 5 7 8 8 9 10 12 13 14 15 16 17 17 
90 97
1 3 6 6 6 7 8 8 
91 100
1 2 2 2 2 2 2 2 2 2 
93 107
2 4 5 7 8 10 10 10 10 10 10 10 10 10 10 
97 108
2 3 4 5 8 9 9 9 9 9 9 9 
101 105
2 3 4 4 4 
102 108
2 3 5 6 9 10 10 
109 122
1 3 8 9 10 10 10 10 10 10 10 10 10 10 
112 125
2 3 4 6 7 8 10 10 10 11 12 13 13 13 
116 128
2 4 4 6 9 11 12 12 13 15 15 17 18 
117 134
1 2 2 2 2 2 2 2 2 2 2 2 2 2 2 2 2 2 
121 138
1 3 3 4 4 4 5 6 7 8 9 10 12 13 14 15 15 15 
122 136
1 3 4 5 6 7 8 8 8 8 8 8 8 8 8 
122 134
1 4 6 7 7 8 10 10 10 11 11 11 11 
124 133
2 3 5 6 7 9 9 9 9 9 
127 131
2 3 6 6 6 
131 138
1 5 5 6 7 8 8 8 
136 141
2 2 3 3 4 4 
137 140
1 3 4 4 
142 151
2 3 5 5 5 5 5 5 5 5 
149 160
2 3 5 5 6 8 8 8 8 8 8 8 
152 161
2 3 4 7 8 9 9 10 11 12 
152 158
1 2 3 5 7 7 7 
