55
0 18
1 3 3 4 5 5 7 8 9 10 10 10 10 10 10 10 10 10 10 
6 9
2 3 4 4 
8 22
1 1 2 4 5 6 9 10 11 12 13 14 15 16 16 
12 15
2 3 5 5 
16 25
2 2 3 4 5 5 6 6 6 6 
18 29
2 2 2 2 3 3 5 5 5 5 5 5 
24 27
1 3 4 4 
26 34
3 4 5 6 7 7 9 9 9 
29 44
1 2 2 3 5 5 5 5 5 5 5 5 5 5 5 5 
32 43
2 2 6 7 8 10 10 10 10 10 10 10 
34 42
1 3 3 3 3 3 3 3 3 
39 58
2 2 3 4 5 5 5 5 5 5 5 5 5 5 5 5 5 5 5 5 
40 58
1 2 3 5 8 10 11 13 14 16 17 18 18 18 18 18 18 18 18 
49 52
1 1 1 1 
51 70
2 4 4 5 7 8 9 10 11 12 12 13 14 16 17 18 18 18 18 18 
53 71
1 1 1 1 1 1 1 1 1 1 1 1 1 1 1 1 1 1 1 
53 72
2 4 5 6 8 8 9 11 12 13 14 14 15 16 16 17 17 18 19 19 
54 64
1 2 3 4 5 5 7 8 9 9 9 
59 74
1 1 3 7 8 9 10 11 14 14 15 15 16 17 17 17 
60 76
2 2 2 2 2 2 2 2 2 2 2 2 2 2 2 2 2 
60 68
2 2 3 4 6 9 9 9 9 
62 69
1 1 1 1 1 1 1 1 
65 70
2 3 4 5 5 5 
66 74
2 2 3 4 8 9 11 11 11 
67 80
1 2 2 4 5 5 6 6 6 6 6 6 6 6 
70 77
1 2 3 4 5 6 7 7 
77 94
1 2 3 4 7 9 9 12 13 14 15 16 17 18 19 21 23 25 
78 92
1 3 5 6 7 7 7 7 7 7 7 7 7 7 7 
80 85
1 2 3 5 5 6 
82 87
1 2 3 4 4 4 
85 95
2 3 4 4 7 8 8 8 8 8 8 
86 104
1 2 4 6 6 6 6 6 6 6 6 6 6 6 6 6 6 6 6 
88 100
2 4 4 5 5 6 7 8 9 11 12 12 12 
96 115
2 3 3 5 6 8 9 10 10 10 10 10 10 10 10 10 10 10 10 10 
100 113
2 3 4 6 6 6 6 6 6 6 6 6 6 6 
104 119
2 3 4 5 6 7 9 10 12 13 13 14 14 14 14 14 
106 120
3 4 7 8 9 10 11 12 12 13 14 15 15 16 17 
107 113
3 4 4 6 6 6 6 
112 120
2 5 5 5 5 5 5 5 5 
113 119
1 3 5 6 7 8 10 
118 133
1 2 3 4 6 7 8 8 8 8 8 9 10 11 12 13 
118 135
2 4 6 7 8 10 11 13 14 15 15 15 15 15 16 16 16 16 
119 122
2 5 6 6 
121 132
2 3 4 5 8 8 9 9 10 11 12 13 
128 131
1 4 4 4 
131 136
1 2 2 2 2 2 
136 153
2 3 4 5 6 6 7 8 9 10 11 13 13 14 17 17 17 17 
137 148
2 3 5 5 6 7 8 9 11 12 13 13 
139 157
4 4 6 7 9 10 12 13 13 13 13 13 13 13 13 13 13 13 13 
140 147
2 3 5 5 6 7 8 10 
146 149
4 5 7 7 
147 150
2 2 2 2 
148 152
2 3 3 3 3 
151 154
3 5 5 7 
152 164
1 2 3 4 4 6 7 7 9 10 11 11 11 
