60
0 7
6 7 8 8 8 8 8 8 
4 8
2 3 5 6 7 
5 17
3 4 5 7 9 10 11 12 12 12 12 12 12 
6 19
1 2 4 5 6 8 9 10 10 11 11 11 11 11 
7 14
2 2 2 2 2 2 2 2 
9 14
1 2 4 7 7 7 
10 20
1 2 2 3 6 6 7 8 9 9 9 
12 30
2 3 5 6 7 8 8 8 8 8 8 8 8 8 8 8 8 8 8 
14 17
1 1 1 1 
15 31
1 2 3 4 6 8 9 10 10 10 10 10 10 10 10 10 10 
15 18
2 3 3 4 
17 22
2 3 4 4 5 5 
20 24
1 3 4 5 5 
21 30
2 3 4 5 6 7 8 9 9 9 
21 38
2 3 3 4 4 4 4 4 4 4 4 4 4 4 4 4 4 4 
29 42
1 1 1 1 1 1 1 1 1 1 1 1 1 1 
30 34
2 3 5 6 8 
30 41
2 5 6 7 8 8 8 8 8 8 8 8 
31 35
1 1 1 1 1 
33 39
2 4 5 5 6 8 8 
35 42
1 1 1 1 1 1 1 1 
36 53
2 3 4 4 5 6 8 9 9 9 9 9 9 9 9 9 9 9 
36 45
1 2 5 6 7 7 9 11 12 12 
39 58
1 2 4 5 5 6 7 8 9 10 11 12 13 15 15 16 17 17 17 17 
39 45
3 4 4 4 6 7 7 
41 52
2 3 4 4 5 7 7 7 7 7 7 7 
44 49
2 3 4 5 6 6 
53 68
1 1 2 4 4 4 4 4 4 4 4 4 4 4 4 4 
55 71
3 4 6 7 7 8 9 10 11 11 11 11 11 11 11 11 11 
56 60
1 3 4 4 6 
63 70
1 1 3 3 3 3 3 3 
70 75
3 5 6 7 8 9 
71 85
1 2 3 4 6 7 8 8 9 10 11 12 12 12 12 
74 87
1 3 4 6 8 9 9 11 11 12 12 12 12 12 
76 82
1 3 4 5 6 6 6 
76 80
1 5 6 6 6 
77 85
2 3 5 5 5 5 5 5 5 
81 100
2 3 3 3 3 3 3 3 3 3 3 3 3 3 3 3 3 3 3 3 
82 85
2 5 7 8 
83 95
1 3 4 5 6 8 9 9 12 13 14 14 15 
84 87
1 1 2 4 
87 94
2 2 3 4 5 6 6 6 
88 94
3 4 5 6 7 7 8 
93 99
1 2 3 5 5 5 5 
93 102
2 2 3 8 10 10 10 10 10 10 
97 106
2 3 6 6 8 9 10 11 12 12 
98 116
1 2 3 5 5 6 7 9 10 11 12 12 13 14 16 17 17 18 18 
99 103
2 4 5 6 7 
100 103
2 2 3 4 
105 121
1 2 3 4 5 5 5 5 5 5 5 5 5 5 5 5 5 
108 114
1 2 2 3 4 6 6 
122 141
2 3 6 6 6 6 7 8 9 11 11 12 12 12 12 12 12 12 12 12 
122 128
2 3 5 7 7 10 11 
131 134
2 3 6 6 
132 144
3 4 6 8 11 12 13 14 15 16 17 17 17 
136 142
1 3 4 6 6 6 6 
139 156
1 3 3 4 5 6 7 7 7 7 7 7 7 7 7 7 7 7 
141 145
1 1 2 2 3 
142 154
1 3 5 6 8 8 11 11 13 14 15 16 17 
142 156
2 4 6 7 9 10 11 12 12 12 12 12 12 12 12 
