60
0 6
1 2 2 2 2 2 4 
1 13
1 3 4 5 6 7 7 8 9 9 10 10 10 
4 12
2 2 2 2 2 2 2 2 2 
6 9
2 4 5 5 
6 14
1 3 4 6 7 9 9 9 9 
7 24
3 5 5 6 7 8 9 10 13 13 15 16 16 18 19 20 20 20 
8 21
1 2 3 4 5 7 8 9 10 11 11 12 13 15 
9 28
2 2 3 3 3 3 3 3 3 3 3 3 3 3 3 3 3 3 3 3 
10 18
2 3 3 3 3 3 3 3 3 
12 26
2 3 4 4 5 6 6 6 6 6 6 6 6 6 6 
15 29
1 3 4 5 6 7 8 9 11 12 12 13 13 14 14 
19 25
1 2 3 3 5 5 5 
23 27
3 4 6 6 6 
25 36
3 3 4 4 5 5 6 8 8 8 8 8 
26 36
2 3 4 7 8 8 8 8 8 8 8 
28 43
1 1 2 2 3 4 5 5 5 5 5 5 5 5 5 5 
33 41
1 2 3 3 5 7 7 7 7 
37 46
1 2 3 3 3 3 3 3 3 3 
38 48
2 4 5 6 7 7 7 7 7 7 7 
42 57
1 3 3 4 4 5 7 8 9 10 11 12 13 14 15 15 
45 54
2 3 4 5 7 7 8 9 9 9 
47 61
2 3 5 7 8 9 9 9 9 9 9 9 9 9 9 
50 61
1 2 3 4 5 6 8 9 11 12 12 12 
50 67
2 4 4 5 6 7 8 9 9 10 12 12 14 15 16 17 17 17 
52 64
1 4 4 5 6 7 10 11 12 13 13 13 13 
54 59
3 4 4 5 5 5 
60 78
1 3 4 5 6 7 8 8 9 10 10 11 13 13 13 13 13 13 13 
61 70
2 3 5 6 7 8 9 11 11 11 
66 85
2 3 4 4 6 6 6 6 6 6 6 6 6 6 6 6 6 6 6 6 
66 74
1 3 4 5 6 6 6 6 6 
68 86
2 3 4 5 7 7 7 7 7 7 7 7 7 7 7 7 7 7 7 
69 82
2 5 6 7 8 10 11 11 11 11 11 11 11 11 
76 89
2 2 3 4 5 6 8 9 11 12 14 14 15 15 
77 89
2 3 3 4 6 8 9 9 9 9 9 9 9 
80 91
1 2 2 3 4 6 8 9 10 10 10 10 
82 97
1 2 3 4 5 5 7 8 9 9 9 9 9 9 9 9 
87 103
1 2 4 5 6 7 8 9 11 13 14 14 14 14 14 14 14 
89 104
1 1 2 4 6 7 8 8 9 10 10 11 13 14 15 16 
89 102
2 2 4 4 4 4 4 4 4 4 4 4 4 4 
98 103
1 2 3 4 5 6 
99 102
1 2 3 3 
108 121
2 3 4 5 7 8 9 10 10 10 10 10 10 10 
109 120
2 2 3 4 6 8 8 9 9 10 11 12 
112 122
1 2 3 4 5 5 5 5 5 5 5 
117 136
1 2 5 8 10 11 12 13 14 15 16 17 17 17 17 17 17 17 17 17 
118 131
1 2 3 4 5 5 7 8 9 9 10 11 12 12 
119 132
1 1 2 4 7 8 8 9 9 9 9 9 9 9 
120 123
1 4 4 4 
123 131
1 2 2 3 3 3 4 4 4 
123 127
1 3 3 3 3 
125 140
2 2 4 5 7 9 10 10 12 12 12 12 12 12 12 12 
143 160
3 3 5 6 7 8 9 10 12 12 13 13 14 14 14 14 14 14 
144 156
2 2 2 3 4 5 6 7 8 8 10 10 11 
145 149
2 2 2 2 2 
145 152
1 2 2 2 2 2 2 2 
146 164
1 2 3 4 4 4 4 4 4 4 4 4 4 4 4 4 4 4 4 
148 153
3 4 5 8 10 10 
152 157
1 4 6 7 8 9 
152 160
3 4 5 7 8 10 11 13 13 
162 167
1 2 4 6 6 7 
