60
0 12
2 4 5 6 7 7 7 7 7 7 7 7 7 
4 7
3 4 4 4 
5 13
1 1 3 3 3 4 4 5 5 
5 12
2 3 4 6 7 8 10 12 
7 11
2 4 4 6 7 
8 24
1 2 2 4 4 5 6 8 9 9 9 9 9 9 9 9 9 
10 15
1 2 3 4 4 5 
12 24
1 3 4 4 5 5 5 5 5 5 5 5 5 
13 19
1 1 3 3 4 5 5 
13 21
2 2 3 3 3 3 3 3 3 
15 26
1 2 4 5 6 7 8 9 9 9 9 9 
18 23
1 1 2 3 3 3 
25 36
3 3 5 6 7 9 9 9 9 9 9 9 
28 40
1 1 3 4 6 7 9 9 12 13 14 14 14 
31 34
2 3 4 4 
34 38
2 3 3 3 3 
37 49
2 2 2 2 2 2 2 3 5 5 5 7 7 
39 55
2 2 4 5 6 6 7 8 9 9 11 11 13 14 15 15 15 
42 52
3 5 6 6 6 8 9 10 10 11 11 
43 57
2 3 5 6 6 7 7 9 9 9 9 9 9 9 9 
44 49
1 1 2 3 3 3 
45 59
1 2 2 4 5 5 8 9 9 11 12 13 13 13 13 
51 57
1 2 2 2 2 2 2 
57 73
2 3 6 7 9 10 10 10 10 11 12 13 13 13 13 13 13 
57 69
2 4 6 8 10 10 11 13 14 15 16 17 17 
58 77
1 2 4 6 7 8 9 11 11 12 13 14 14 14 14 14 14 14 14 14 
61 65
1 1 1 1 1 
62 69
1 3 3 6 7 8 8 8 
64 73
1 1 1 1 1 2 3 5 5 5 
66 69
1 1 1 1 
69 83
1 3 4 5 7 7 8 9 10 11 11 11 11 11 11 
69 81
1 3 5 5 6 7 7 9 9 9 9 9 9 
72 77
2 3 4 4 4 4 
73 87
2 2 3 5 5 6 7 8 10 10 10 10 10 10 10 
79 86
3 4 8 8 8 8 8 8 
86 95
2 3 4 5 6 6 6 6 6 6 
87 96
1 2 2 2 2 2 2 2 2 2 
91 95
3 5 5 6 7 
92 107
4 4 4 5 6 7 8 9 10 11 12 13 14 15 16 16 
93 97
1 1 1 1 1 
98 102
1 2 3 3 3 
100 111
1 4 4 6 7 7 7 7 7 7 7 7 
101 111
2 4 5 7 7 8 8 8 8 8 8 
104 114
2 4 5 7 7 8 9 10 12 12 12 
105 110
4 5 7 8 8 8 
110 125
2 2 4 5 7 8 8 10 11 12 14 14 14 14 14 14 
111 119
1 3 4 5 5 5 5 5 5 
111 115
1 2 4 5 7 
112 128
2 4 5 5 5 5 5 5 5 5 5 5 5 5 5 5 5 
112 116
2 3 4 7 7 
115 124
2 3 4 4 4 4 4 4 4 4 
122 139
1 2 3 4 4 5 6 7 8 9 10 13 15 16 16 16 16 16 
127 144
3 4 6 7 9 10 11 12 13 13 13 13 13 13 13 13 13 13 
129 133
1 2 2 2 2 
137 148
2 3 4 4 5 6 7 8 8 9 10 12 
140 158
1 2 4 7 7 8 9 9 9 9 9 9 9 9 9 9 9 9 9 
141 157
2 3 3 4 6 7 8 9 9 10 11 11 13 14 15 16 16 
142 155
1 2 3 4 4 5 6 7 8 8 8 8 8 8 
144 156
1 3 4 7 8 8 9 11 12 13 14 14 15 
144 160
1 2 5 6 8 8 9 10 12 12 14 14 15 16 16 17 18 
