60
0 3
2 3 4 4 
5 15
1 2 4 5 6 6 9 10 10 10 10 
9 27
1 2 3 4 5 6 6 7 8 10 11 13 14 14 15 17 17 18 19 
10 24
1 2 3 3 4 4 4 6 7 7 7 7 7 7 7 
11 20
1 4 5 5 6 7 7 8 8 8 
11 28
1 2 4 5 5 6 7 9 12 12 12 12 12 12 12 12 12 12 
12 27
1 2 3 3 3 3 3 3 3 3 3 3 3 3 3 3 
14 20
3 4 5 6 8 8 9 
15 23
2 2 2 2 2 2 2 2 2 
23 35
1 3 4 7 7 7 7 7 7 7 7 7 7 
24 36
2 4 5 5 5 5 5 5 5 5 5 5 5 
26 32
2 3 4 5 6 6 6 
27 42
1 2 3 4 4 6 6 7 9 10 11 11 11 11 11 11 
36 50
2 3 4 5 6 7 8 9 9 9 9 10 10 10 10 
37 52
1 2 2 4 5 6 7 7 10 11 11 11 11 11 11 11 
38 53
2 2 2 2 2 2 2 2 2 2 2 2 2 2 2 2 
40 43
3 5 6 6 
41 50
2 4 6 7 8 9 9 10 11 12 
43 47
1 3 4 4 5 
43 46
1 2 3 4 
43 52
2 2 3 4 4 4 4 5 5 5 
43 59
1 3 4 6 7 8 11 11 11 12 14 15 17 17 17 17 17 
46 52
2 2 3 5 5 5 5 
47 63
1 2 3 5 6 8 9 10 11 12 12 13 14 14 15 15 15 
47 60
2 3 4 5 5 5 5 5 6 6 7 8 8 8 
51 60
1 2 4 6 8 8 9 10 11 11 
54 57
1 2 3 3 
55 70
1 2 3 4 5 6 8 9 10 10 12 12 12 12 12 12 
62 72
1 2 3 4 4 5 6 6 6 6 6 
66 78
2 4 4 4 5 7 7 7 7 7 7 7 7 
77 80
4 5 5 5 
80 83
1 2 3 3 
83 92
2 4 5 6 6 7 7 8 9 10 
84 99
2 3 4 4 5 6 6 7 7 7 7 7 7 7 7 7 
84 102
2 3 4 5 5 7 8 10 11 12 12 12 12 12 12 12 12 12 12 
84 99
1 2 2 4 6 6 7 7 7 7 7 7 7 7 7 7 
85 102
1 4 4 4 4 4 4 4 4 4 4 4 4 4 4 4 4 4 
86 98
1 1 1 1 1 1 1 1 1 1 1 1 1 
87 98
3 4 5 6 7 8 8 8 8 8 8 8 
93 101
4 6 7 9 9 9 9 9 9 
96 115
1 4 5 6 8 9 10 12 12 12 12 12 12 12 12 12 12 12 12 12 
101 108
1 3 3 4 4 5 5 5 
103 122
1 3 4 5 6 7 7 8 9 10 12 12 15 15 15 15 15 15 15 15 
107 121
1 2 3 4 5 6 7 7 9 10 10 12 13 13 13 
115 134
1 3 5 6 6 6 6 6 6 6 6 6 6 6 6 6 6 6 6 6 
125 139
4 4 5 6 7 8 8 9 10 10 11 12 14 14 15 
126 130
1 2 4 4 4 
127 146
1 3 3 4 5 7 8 8 9 10 10 10 10 10 10 10 10 10 10 10 
127 131
2 3 4 5 5 
130 134
3 3 3 3 3 
133 145
2 3 5 6 6 6 6 6 6 6 6 6 6 
135 141
3 5 5 5 5 5 5 
138 152
2 4 4 5 7 8 8 10 10 11 11 11 11 11 11 
140 154
1 2 2 4 5 6 7 8 8 8 8 8 8 8 8 
143 152
3 4 4 5 6 7 8 8 8 8 
145 149
1 2 3 5 6 
150 157
1 4 5 7 7 7 7 7 
150 158
2 4 5 6 6 6 6 6 6 
153 160
1 2 3 3 3 3 3 3 
158 162
1 2 3 3 3 
