60
0 19
1 2 3 4 6 7 8 9 9 9 9 9 9 9 9 9 9 9 9 9 
2 11
1 3 5 6 8 9 10 10 11 13 
5 16
2 3 4 4 4 4 4 4 4 4 4 4 
7 12
2 4 6 7 8 9 
8 15
1 2 3 5 6 6 6 7 
8 24
2 3 4 6 7 9 10 12 13 14 16 16 16 16 16 16 16 
13 17
1 2 2 5 5 
23 29
1 3 3 3 4 4 4 
24 30
1 1 2 3 5 5 5 
34 42
2 2 4 5 7 8 10 13 13 
34 45
1 2 6 8 9 9 10 11 12 13 13 13 
35 46
2 3 4 5 6 7 8 9 11 12 14 14 
35 53
2 3 5 5 6 8 10 11 12 13 15 15 17 18 19 19 21 22 22 
43 62
1 2 2 3 3 3 3 3 3 3 3 3 3 3 3 3 3 3 3 3 
45 59
1 3 4 4 5 5 6 7 7 9 9 10 10 10 10 
46 52
1 2 2 2 3 4 4 
47 59
1 3 4 6 7 8 9 10 11 11 11 11 11 
51 54
3 6 7 8 
52 55
2 5 5 6 
52 64
2 3 5 7 9 9 10 11 12 12 12 12 12 
58 65
1 2 3 4 5 7 9 9 
63 67
1 3 4 5 5 
67 75
1 3 5 5 5 5 6 7 9 
71 81
1 3 5 8 8 8 8 8 8 8 8 
73 88
1 2 3 4 5 6 8 9 10 11 11 11 11 11 11 11 
75 83
2 3 5 8 8 8 8 8 8 
79 91
2 3 4 4 5 6 8 8 8 8 8 8 8 
81 90
1 3 4 5 5 8 9 9 9 9 
84 88
2 4 5 5 5 
87 103
1 3 4 6 7 8 9 10 11 11 12 13 14 15 17 18 18 
89 97
1 3 4 4 4 4 4 4 4 
89 94
1 5 7 7 7 7 
89 102
2 2 2 2 2 2 2 2 2 2 2 2 2 2 
90 103
1 2 3 4 7 8 9 10 11 11 11 11 11 11 
91 102
1 3 4 4 7 8 8 9 9 10 10 10 
91 109
1 2 4 5 7 9 10 11 13 14 14 14 14 14 14 14 14 14 14 
93 102
1 2 3 4 4 4 4 4 4 4 
96 101
1 3 4 5 6 6 
98 115
1 2 3 7 8 9 10 11 13 13 13 13 13 13 13 13 13 13 
104 121
2 4 4 5 6 8 9 10 10 11 12 13 14 14 14 14 14 14 
105 124
1 2 8 8 9 10 12 13 13 13 13 13 13 13 13 13 13 13 13 13 
106 125
2 2 3 4 7 9 10 11 11 12 13 14 14 14 14 14 14 14 14 14 
110 114
1 1 1 1 1 
110 127
1 2 3 5 5 9 11 11 12 13 14 15 16 17 18 18 18 18 
115 122
1 3 4 5 5 7 8 8 
117 124
1 2 3 4 8 9 10 10 
123 141
2 4 4 5 6 8 8 8 8 8 8 8 8 8 8 8 8 8 8 
128 140
1 2 2 2 5 6 7 8 9 9 9 9 9 
135 153
1 2 2 2 2 2 2 2 2 2 2 2 2 2 2 2 2 2 2 
136 144
1 1 1 1 1 1 1 1 1 
137 144
2 3 4 5 7 8 8 8 
140 153
1 2 3 3 3 3 3 3 3 3 3 3 3 3 
140 147
1 3 4 4 4 4 4 4 
140 145
2 3 4 6 7 8 
140 159
1 2 4 5 6 7 9 10 11 12 12 12 12 12 12 12 12 12 12 12 
143 146
3 4 5 6 
145 162
1 2 2 3 4 6 8 10 11 13 14 15 16 17 18 19 20 20 
148 161
2 4 5 7 7 9 10 11 11 13 14 14 14 14 
148 151
1 2 3 4 
149 165
1 2 3 4 6 6 8 9 10 10 10 10 10 10 10 10 10 
