65
0 7
2 2 2 2 2 2 2 2 
1 16
2 3 4 5 5 6 7 8 9 9 9 9 9 9 9 9 
2 9
1 2 5 6 6 7 7 7 
2 15
1 1 2 4 5 7 8 9 9 10 12 13 13 13 
2 8
2 5 6 8 9 10 10 
5 10
1 3 5 7 8 8 
11 28
2 3 3 3 3 3 3 3 3 3 3 3 3 3 3 3 3 3 
12 21
1 2 3 4 6 8 9 11 12 13 
14 18
1 2 2 2 2 
17 33
1 2 3 4 4 6 8 9 9 10 10 11 11 11 11 11 11 
29 32
2 3 4 6 
31 46
1 2 3 4 5 6 8 9 9 10 10 10 10 10 10 10 
33 36
1 4 5 6 
34 42
2 3 4 5 6 8 9 10 11 
37 48
3 4 5 7 8 11 12 13 13 14 15 15 
40 59
1 2 4 5 6 7 7 9 10 11 12 13 14 14 15 16 18 18 18 18 
41 52
1 2 2 2 4 4 5 6 7 7 9 9 
45 63
1 1 2 3 4 4 5 6 7 8 9 9 11 11 11 11 11 11 11 
45 57
2 3 3 4 5 6 7 9 10 10 10 10 10 
47 50
2 2 3 3 
55 66
2 4 5 7 8 9 10 13 14 15 15 15 
58 77
1 4 4 6 7 8 9 9 10 11 11 11 11 11 11 11 11 11 11 11 
60 63
3 3 4 4 
62 70
2 4 5 7 9 10 12 13 15 
69 81
2 3 4 5 6 7 9 9 10 11 11 11 11 
73 76
1 2 5 8 
75 91
2 5 6 7 9 9 10 12 12 12 12 12 12 12 12 12 12 
75 92
2 3 5 6 6 6 7 8 9 10 12 14 16 16 18 18 18 18 
77 80
2 2 3 3 
78 82
1 2 2 2 2 
81 90
1 2 3 3 5 5 6 7 7 7 
87 101
1 4 4 7 8 9 11 12 12 12 12 12 12 12 12 
90 102
2 3 3 3 5 8 9 10 10 10 10 10 10 
91 94
1 1 3 3 
93 107
1 2 3 3 5 6 8 8 10 10 10 10 10 10 10 
94 99
1 2 5 6 6 6 
96 101
1 4 5 6 7 7 
100 107
1 2 4 4 5 5 5 5 
103 106
1 5 5 5 
104 122
2 2 3 4 5 5 7 7 7 7 7 7 7 7 7 7 7 7 7 
107 113
1 2 5 6 7 9 9 
108 111
1 1 1 2 
109 116
2 3 7 8 9 10 10 10 
111 114
2 3 4 4 
114 127
2 2 3 4 6 7 8 8 10 10 10 10 10 10 
115 132
1 2 3 4 6 6 6 6 6 6 6 6 6 6 6 6 6 6 
115 118
1 3 3 3 
117 123
2 4 4 4 4 4 4 
118 132
1 4 5 7 8 9 10 11 11 13 15 15 16 17 17 
121 135
1 2 3 4 5 6 7 7 7 7 7 7 7 7 7 
125 129
1 3 3 3 3 
126 136
1 3 4 6 7 8 10 10 11 11 11 
127 142
1 2 3 5 7 8 10 11 12 12 12 12 12 12 12 12 
128 144
1 1 1 2 3 3 4 5 5 6 6 6 6 6 6 6 6 
129 147
1 2 3 4 5 6 7 7 7 7 7 7 7 7 7 7 7 7 7 
136 139
2 2 3 3 
136 154
2 4 6 7 7 7 7 7 7 7 7 7 7 7 7 7 7 7 7 
136 150
4 6 8 9 10 11 12 13 13 13 13 13 13 13 13 
140 146
1 2 2 3 3 3 3 
146 165
1 2 3 4 4 4 4 4 4 4 4 4 4 4 4 4 4 4 4 4 
147 157
1 3 4 7 7 8 9 10 12 13 13 
151 156
3 4 6 7 8 8 
153 167
1 2 2 2 2 2 2 2 3 5 6 8 9 9 9 
154 161
2 3 3 5 6 6 6 6 
154 163
1 3 4 5 6 7 8 9 10 10 
