65
0 5
4 5 6 6 7 7 
1 15
1 2 4 6 7 7 8 9 10 13 14 15 17 18 19 
2 9
4 6 8 9 11 11 13 14 
2 20
3 4 4 5 7 9 10 11 11 13 14 15 15 15 15 15 15 15 15 
7 11
1 3 5 6 6 
9 28
1 2 3 5 6 7 7 7 7 7 7 7 7 7 7 7 7 7 7 7 
10 27
2 4 5 7 9 10 11 12 13 14 15 15 16 16 16 16 16 16 
13 25
1 2 3 6 6 7 8 10 13 13 14 15 15 
16 23
1 1 2 4 4 4 4 4 
18 36
1 2 3 4 6 9 10 10 10 10 10 10 10 10 10 10 10 10 10 
19 24
3 4 6 6 6 6 
21 29
1 2 4 4 4 6 6 7 8 
24 43
2 3 6 8 10 11 12 14 15 15 15 15 15 15 15 15 15 15 15 15 
27 37
2 4 5 6 7 7 7 7 7 7 7 
33 49
2 4 6 7 8 9 10 10 12 13 13 14 14 15 15 15 15 
33 41
1 2 3 3 3 4 6 7 7 
34 43
2 2 2 2 2 2 2 2 2 2 
34 38
2 4 5 7 9 
38 53
2 2 3 4 5 8 9 10 10 13 14 14 14 14 14 14 
41 48
2 2 4 4 8 8 8 8 
45 60
2 3 4 5 7 8 9 10 11 11 12 13 13 13 13 13 
54 61
2 3 4 4 4 4 4 4 
58 65
2 4 5 6 9 9 10 11 
63 70
3 3 4 7 7 9 11 11 
67 73
3 4 5 5 5 5 5 
67 72
2 3 5 6 7 8 
70 85
2 2 3 4 4 6 6 7 8 8 8 8 8 8 8 8 
71 82
1 2 2 3 3 3 3 3 3 3 3 3 
71 81
2 3 7 8 9 11 12 13 14 14 14 
73 87
1 2 3 4 4 4 4 4 4 4 4 4 4 4 4 
75 88
1 2 5 7 8 8 8 8 8 8 8 8 8 8 
77 96
1 3 8 10 11 11 11 12 13 13 13 13 13 13 13 13 13 13 13 13 
80 86
2 4 5 6 7 7 9 
85 101
1 2 3 5 5 7 7 8 9 9 9 9 9 9 9 9 9 
87 94
2 2 3 4 4 4 5 6 
95 114
1 2 3 5 7 9 10 11 13 14 15 16 16 17 17 17 17 17 17 17 
96 109
2 3 4 4 5 6 7 7 7 7 7 7 7 7 
96 115
2 2 3 4 5 6 6 7 8 9 9 9 9 9 9 9 9 9 9 9 
96 104
1 3 3 4 6 7 7 9 9 
99 103
2 3 5 7 7 
101 109
1 1 2 3 4 5 7 7 8 
104 117
1 2 3 3 3 5 6 7 7 8 9 9 11 11 
106 109
1 3 4 4 
109 118
2 3 4 5 6 8 8 8 8 8 
113 129
2 3 4 4 6 6 6 6 6 6 6 6 6 6 6 6 6 
116 131
2 3 6 6 8 10 12 12 12 14 14 15 16 17 18 18 
118 126
2 2 3 4 5 8 8 8 8 
121 134
1 2 3 4 6 7 9 10 12 12 12 12 12 12 
122 129
2 3 4 4 4 4 4 4 
123 128
3 4 5 6 6 6 
125 133
2 4 5 8 9 9 10 12 12 
128 146
3 4 5 6 8 8 9 9 10 12 12 13 14 16 17 18 18 19 20 
129 133
1 3 5 6 6 
130 139
1 4 4 4 4 4 4 4 4 4 
133 136
1 5 6 6 
135 144
2 2 2 2 2 2 2 2 2 2 
138 153
1 2 3 3 3 3 3 3 4 5 5 6 7 8 8 8 
138 146
1 2 3 4 4 4 4 4 4 
141 144
1 1 1 1 
142 145
3 4 4 4 
146 151
1 3 4 4 6 6 
148 167
1 3 4 4 5 9 11 12 13 14 14 15 16 17 18 19 20 22 23 24 
150 162
1 2 3 4 5 6 6 6 6 6 6 6 6 
154 161
2 3 4 4 5 6 6 6 
158 161
1 2 2 2 
