65
0 5
1 3 5 6 6 8 
0 16
2 3 4 5 5 7 8 9 9 10 11 12 13 14 15 16 18 
4 12
1 2 4 4 6 7 8 9 9 
6 13
2 5 6 7 7 7 7 7 
8 19
1 3 3 3 3 4 6 7 8 9 11 12 
8 15
2 3 4 6 6 6 6 6 
8 19
2 3 4 5 5 6 7 8 9 10 10 10 
14 22
1 2 4 4 5 6 6 6 6 
14 17
4 5 7 8 
20 37
1 2 2 4 5 6 7 8 8 10 11 11 11 11 11 11 11 11 
20 31
2 4 6 6 7 8 10 10 11 11 11 11 
25 40
4 5 6 8 9 9 11 12 12 12 12 12 12 12 12 12 
25 32
2 4 5 7 8 8 9 9 
30 48
1 2 4 6 7 7 7 7 8 10 11 12 12 13 13 13 13 13 13 
33 50
2 3 4 4 6 10 10 11 12 12 13 14 15 16 17 17 17 17 
41 47
2 3 4 5 6 7 8 
43 57
1 2 3 4 4 4 4 4 4 4 4 4 4 4 4 
44 58
1 2 3 6 7 8 9 10 11 13 13 14 14 14 14 
44 62
1 2 3 3 4 5 6 7 7 8 10 11 14 15 16 16 17 17 17 
46 51
1 1 1 1 1 2 
46 58
1 3 4 5 6 7 8 9 10 11 12 12 12 
52 60
1 2 3 4 5 7 8 8 8 
52 71
1 3 3 3 5 6 7 8 9 10 11 12 13 14 14 14 14 14 14 14 
52 69
1 3 4 5 6 8 8 10 11 11 11 11 11 11 11 11 11 11 
65 72
2 3 4 4 4 4 4 4 
69 76
1 1 1 1 1 1 1 1 
69 81
2 2 4 6 7 8 10 11 12 13 14 16 17 
69 75
1 4 6 6 6 6 6 
79 85
1 2 6 7 8 8 8 
80 90
1 3 4 5 6 6 7 7 7 7 7 
81 84
2 4 7 7 
82 92
2 3 3 4 4 6 7 8 9 10 10 
84 88
1 2 5 6 8 
85 93
1 2 3 5 6 7 9 9 9 
86 105
1 2 3 4 5 7 9 9 10 11 12 13 13 13 13 13 13 13 13 13 
87 104
1 2 4 5 6 6 7 8 8 8 8 8 8 8 8 8 8 8 
92 111
1 3 3 4 4 4 4 4 4 4 4 4 4 4 4 4 4 4 4 4 
94 103
3 5 7 7 8 11 12 13 15 15 
96 101
1 3 3 3 3 3 
99 112
1 2 3 3 5 5 7 8 8 8 8 8 8 8 
100 119
1 2 2 4 5 6 7 7 7 7 7 7 7 7 7 7 7 7 7 7 
103 111
2 3 3 3 3 3 3 3 3 
103 108
1 2 2 2 2 2 
105 111
1 2 4 7 8 9 9 
108 125
2 4 5 5 6 8 11 12 13 14 14 14 14 14 14 14 14 14 
109 113
2 5 6 6 6 
113 129
2 4 5 7 8 8 9 10 11 12 13 13 13 13 13 13 13 
113 118
3 3 3 4 5 5 
116 129
2 5 5 8 9 10 11 12 12 13 13 15 15 15 
120 127
2 2 3 3 7 8 8 8 
122 134
1 1 3 4 6 6 7 8 8 9 9 9 9 
128 143
2 3 4 5 6 7 7 9 9 10 11 11 11 11 11 11 
128 135
1 3 4 5 6 6 6 6 
128 146
2 2 4 6 9 9 10 11 12 13 15 16 16 16 16 16 16 16 16 
129 133
2 4 5 6 6 
134 145
2 2 2 2 2 2 2 2 2 2 2 2 
139 148
1 2 2 4 5 7 7 7 8 8 
141 150
1 2 3 4 4 5 5 5 5 5 
141 146
2 4 4 6 7 7 
146 155
1 2 3 4 6 7 7 7 7 7 
148 162
2 3 3 4 5 6 7 8 10 10 11 12 13 14 14 
150 162
2 3 6 7 9 9 12 13 13 13 13 13 13 
151 159
2 3 4 5 6 6 7 7 7 
152 167
1 3 4 6 6 6 7 7 7 7 7 7 7 7 7 7 
153 167
1 2 3 4 6 7 7 7 7 7 7 7 7 7 7 
