65
0 13
1 2 3 4 5 6 8 10 10 10 10 10 10 10 
1 7
2 3 3 4 5 7 7 
8 26
2 2 3 4 6 6 7 8 9 10 11 12 13 14 15 16 18 18 18 
15 24
1 2 3 4 5 6 8 8 9 10 
17 32
1 1 1 1 1 1 1 1 1 1 1 1 1 1 1 1 
19 37
1 2 2 2 2 2 2 2 2 2 2 2 2 2 2 2 2 2 2 
22 34
2 3 3 3 3 3 3 3 3 3 3 3 3 
24 29
1 3 4 5 7 8 
26 39
3 4 5 6 6 7 8 9 10 11 12 13 14 15 
28 32
1 2 4 6 8 
28 33
1 3 6 6 7 9 
30 34
2 3 5 6 6 
32 50
1 3 4 5 7 8 9 10 10 10 10 10 10 10 10 10 10 10 10 
32 35
1 2 2 2 
33 37
2 5 6 7 7 
33 44
1 2 3 4 4 4 4 4 4 4 4 4 
34 44
1 2 3 4 5 6 7 8 9 11 11 
35 47
1 3 3 5 7 9 9 10 11 11 11 11 11 
36 51
4 5 6 7 7 8 9 10 11 12 12 12 12 12 12 12 
41 48
1 3 4 4 4 4 4 4 
42 54
1 1 2 4 5 6 7 8 8 8 8 8 8 
45 55
2 2 2 2 2 2 2 3 4 5 5 
46 49
1 4 5 7 
53 60
1 2 3 6 7 7 7 7 
54 60
1 2 3 4 4 4 4 
55 66
2 3 5 6 7 8 10 11 11 11 11 11 
59 72
2 3 5 5 5 5 5 5 5 5 5 5 5 5 
60 71
1 2 4 6 7 8 8 8 8 9 10 10 
60 78
1 3 4 5 7 8 9 10 11 12 13 14 15 16 17 18 19 19 19 
61 74
3 3 3 3 4 5 8 9 10 10 12 12 12 12 
62 74
2 2 3 4 5 6 7 8 8 10 11 11 11 
65 71
1 2 3 5 6 6 7 
65 75
1 3 4 6 6 8 9 10 10 10 10 
73 82
1 1 2 2 2 2 2 2 2 2 
73 82
2 4 5 5 7 7 9 10 10 11 
73 78
1 2 3 4 5 5 
75 87
2 3 4 7 8 8 8 8 8 8 8 8 8 
76 81
1 6 8 9 9 9 
78 83
2 3 4 6 6 6 
83 93
1 3 6 7 8 8 9 9 9 9 9 
87 105
1 4 4 6 7 8 8 8 8 8 9 11 12 12 12 12 12 12 12 
87 104
1 2 3 4 5 6 7 7 8 8 8 8 8 8 8 8 8 8 
90 103
2 3 5 7 8 9 10 11 14 16 16 16 16 16 
98 107
1 1 1 1 1 1 1 1 1 1 
101 114
2 2 3 4 5 6 7 8 9 10 11 12 13 14 
102 120
1 3 4 4 4 4 4 4 4 4 4 4 4 4 4 4 4 4 4 
108 119
2 5 5 7 9 11 13 14 15 16 18 18 
110 127
1 2 3 4 5 6 7 7 7 7 7 7 7 7 7 7 7 7 
125 131
3 6 7 8 8 9 10 
126 131
2 3 4 4 4 4 
131 136
1 3 4 5 5 5 
133 148
1 2 3 4 6 7 8 9 10 10 12 14 15 16 16 16 
134 147
2 3 4 5 6 7 9 10 12 13 13 15 16 16 
135 146
1 2 4 4 4 4 4 4 4 4 4 4 
137 145
3 4 5 5 7 8 9 9 10 
138 156
3 4 6 7 8 8 10 10 11 12 13 14 15 15 15 15 15 15 15 
139 147
1 4 4 6 7 8 8 8 8 
142 157
1 2 3 5 8 9 9 9 9 9 9 9 9 9 9 9 
143 147
1 3 4 5 6 
145 160
1 2 3 6 6 7 8 9 12 13 14 15 15 15 15 15 
146 159
1 2 2 3 4 5 7 8 8 10 10 11 12 12 
148 154
1 2 3 3 3 3 3 
154 163
1 4 4 4 4 4 4 4 4 4 
155 160
2 2 3 3 4 4 
158 163
2 3 5 5 5 5 
