65
0 4
2 3 3 3 3 
0 7
1 4 5 7 7 8 9 10 
2 12
3 3 3 3 3 3 3 3 3 3 3 
3 10
1 2 4 5 6 6 6 6 
7 16
1 4 5 6 7 8 8 8 8 8 
13 27
2 2 4 6 7 8 9 10 11 11 12 13 13 15 15 
17 27
2 4 5 6 8 8 8 8 8 8 8 
19 35
2 3 4 5 6 7 9 10 10 11 12 14 14 14 14 14 14 
21 28
2 2 2 2 2 2 2 2 
26 35
3 4 6 6 6 6 6 6 6 6 
27 31
2 2 4 6 6 
28 47
1 2 4 4 5 6 8 10 11 11 13 14 15 15 16 18 19 19 19 19 
29 48
1 2 3 5 5 5 5 5 5 5 5 5 5 5 5 5 5 5 5 5 
29 45
1 2 3 4 4 5 5 6 6 8 8 10 11 13 13 14 16 
31 44
1 3 5 6 6 6 6 6 6 6 6 6 6 6 
34 42
2 3 3 3 4 6 9 9 9 
35 41
2 4 6 6 7 8 10 
43 47
2 2 3 6 6 
45 49
1 3 4 4 4 
47 53
2 3 4 6 8 10 10 
52 64
1 2 2 4 5 6 6 7 8 9 9 9 9 
55 62
1 2 3 5 6 7 8 8 
59 71
1 2 5 6 7 7 8 8 8 9 9 9 9 
64 70
1 4 4 4 4 4 4 
64 71
1 2 3 5 6 8 9 9 
66 74
1 3 5 5 7 7 7 7 7 
68 86
1 2 3 4 5 6 7 8 8 8 8 8 8 8 8 8 8 8 8 
70 82
2 2 3 3 3 3 3 3 3 3 3 3 3 
70 86
1 1 1 1 1 1 1 1 1 1 1 1 1 1 1 1 1 
70 81
2 3 4 6 7 7 9 9 9 9 9 9 
77 95
1 2 4 4 8 9 10 11 12 14 15 16 17 17 18 19 19 19 19 
78 91
1 3 4 4 4 4 4 4 4 4 4 4 4 4 
79 98
1 3 4 6 7 7 9 9 11 11 11 11 11 11 11 11 11 11 11 11 
82 85
4 6 7 7 
83 97
2 4 5 6 7 8 8 9 10 11 12 13 15 16 17 
84 87
1 1 2 3 
87 96
2 3 4 5 5 7 8 9 10 10 
91 110
1 4 5 7 8 8 9 10 11 12 14 15 16 17 17 17 17 17 17 17 
91 100
1 3 4 5 6 6 6 6 6 6 
93 102
1 2 3 4 6 8 9 11 12 13 
94 112
2 6 10 11 12 13 15 16 16 16 16 16 16 16 16 16 16 16 16 
96 99
1 2 3 6 
96 103
1 2 2 2 2 4 5 6 
102 106
2 5 6 7 9 
102 115
2 3 4 5 6 8 10 10 10 10 10 10 10 10 
105 118
2 3 4 6 8 8 9 10 12 12 12 12 12 12 
108 119
3 5 7 7 7 7 7 7 7 7 7 7 
113 124
1 2 2 4 4 4 4 4 4 4 4 4 
115 134
2 2 3 4 4 5 6 7 9 9 11 11 11 11 11 11 11 11 11 11 
116 131
2 3 4 4 5 6 7 8 8 9 9 10 11 12 14 14 
121 134
2 3 4 6 7 8 8 8 8 8 8 8 8 8 
121 131
1 3 5 6 6 7 8 10 10 10 10 
124 142
2 3 3 3 3 4 5 6 7 9 10 10 10 10 10 10 10 10 10 
127 135
2 4 5 7 7 7 7 7 7 
128 142
1 1 2 3 4 4 4 5 8 9 10 11 12 13 13 
133 146
2 3 6 7 9 9 11 12 13 14 15 16 17 17 
133 137
1 2 4 5 6 
138 144
2 3 4 6 9 9 9 
139 152
1 1 1 1 1 1 1 1 1 1 1 1 1 1 
143 162
2 2 2 2 2 2 2 2 2 2 2 2 2 2 2 2 2 2 2 2 
143 150
1 2 2 4 5 6 7 8 
143 150
1 2 3 5 6 7 8 10 
143 150
1 2 3 3 4 4 4 4 
144 152
2 3 6 7 7 8 8 9 9 
147 162
2 3 5 7 9 10 11 11 13 13 14 14 14 14 14 14 
